Date,Open,High,Low,Close,Volume,Adj Close
2014-03-28,48.70,49.28,48.46,48.84,742900,48.84
2014-03-27,48.88,49.04,48.39,48.62,1443800,48.62
2014-03-26,49.83,49.90,49.00,49.04,826800,49.04
2014-03-25,49.80,49.91,49.51,49.57,1031400,49.57
2014-03-24,49.74,49.90,49.34,49.55,1413600,49.55
2014-03-21,50.00,50.23,49.39,49.55,1508200,49.55
2014-03-20,49.02,50.00,48.90,49.88,1323200,49.88
2014-03-19,48.83,49.29,48.63,49.07,952800,49.07
2014-03-18,48.44,48.96,48.44,48.82,1075400,48.82
2014-03-17,48.58,48.92,48.08,48.43,959400,48.43
2014-03-14,47.86,48.45,47.75,48.29,1150500,48.29
2014-03-13,48.93,49.07,48.11,48.16,852800,48.16
2014-03-12,48.60,48.79,48.36,48.76,941200,48.76
2014-03-11,48.53,49.05,48.15,48.84,2233100,48.84
2014-03-10,48.44,48.57,48.08,48.41,736500,48.41
2014-03-07,48.80,49.19,48.52,48.56,933000,48.56
2014-03-06,48.53,48.94,48.41,48.62,888200,48.62
2014-03-05,48.52,48.74,48.18,48.31,1069100,48.31
2014-03-04,48.80,49.16,48.59,48.59,1222000,48.59
2014-03-03,48.32,48.50,47.89,48.30,1029600,48.30
2014-02-28,48.40,48.77,48.12,48.68,871300,48.68
2014-02-27,47.80,48.32,47.59,48.31,958300,48.31
2014-02-26,47.64,47.86,47.42,47.81,975000,47.81
2014-02-25,47.92,48.00,47.46,47.56,1029900,47.56
2014-02-24,47.72,48.40,47.69,47.90,1049500,47.90
2014-02-21,47.80,47.90,47.48,47.75,1126300,47.75
2014-02-20,47.13,47.82,47.00,47.77,843900,47.77
2014-02-19,47.70,47.92,47.10,47.13,928300,47.13
2014-02-18,47.80,48.09,47.48,47.80,719300,47.80
2014-02-14,47.87,47.99,47.73,47.86,498200,47.86
2014-02-13,47.70,48.00,47.38,47.94,837200,47.94
2014-02-12,47.62,48.20,47.50,48.14,1239100,48.14
2014-02-11,47.42,47.82,47.11,47.64,1018500,47.54
2014-02-10,47.69,47.84,47.24,47.41,719600,47.31
2014-02-07,47.00,47.90,46.97,47.72,1878600,47.62
2014-02-06,46.05,46.78,46.05,46.74,1479300,46.64
2014-02-05,45.82,46.16,45.52,46.02,1507900,45.92
2014-02-04,45.94,46.34,45.73,46.02,2688300,45.92
2014-02-03,46.54,46.77,45.26,45.46,2500500,45.36
2014-01-31,46.58,47.06,46.41,46.55,1219100,46.45
2014-01-30,46.92,47.41,46.80,47.10,2411300,47.00
2014-01-29,47.10,47.44,46.65,46.68,2090800,46.58
2014-01-28,46.00,47.30,45.04,47.19,3904400,47.09
2014-01-27,48.05,48.52,47.11,47.22,2357000,47.12
2014-01-24,48.82,49.14,47.71,47.95,1655600,47.85
2014-01-23,49.83,49.90,48.56,49.19,2304200,49.09
2014-01-22,49.26,50.38,49.26,50.16,2429500,50.05
2014-01-21,50.11,50.45,49.37,49.64,2441800,49.54
2014-01-17,50.20,50.32,49.78,49.90,720300,49.80
2014-01-16,50.80,50.86,50.17,50.28,654000,50.17
2014-01-15,50.45,50.99,50.44,50.80,1117500,50.69
2014-01-14,50.47,50.62,49.92,50.34,1049700,50.23
2014-01-13,51.43,51.57,50.16,50.20,956700,50.09
2014-01-09,52.33,52.72,51.90,52.00,1164200,51.89
2014-01-08,51.98,52.36,51.79,52.15,844500,52.04
2014-01-07,51.59,52.13,51.59,51.97,768800,51.86
2014-01-06,51.91,52.05,51.35,51.51,718600,51.40
2014-01-03,51.73,52.06,51.61,51.77,395900,51.66
2014-01-02,51.65,52.07,51.57,51.72,675400,51.61
2013-12-31,51.85,52.28,51.72,52.13,665300,52.02
2013-12-30,51.36,51.71,51.11,51.64,643500,51.53
2013-12-27,51.61,51.95,51.43,51.44,454400,51.33
2013-12-26,51.67,51.75,51.42,51.48,534000,51.37
2013-12-24,51.04,51.49,50.97,51.49,466400,51.38
2013-12-23,50.90,51.24,50.81,51.10,804100,50.99
2013-12-20,50.45,50.97,50.30,50.74,1420400,50.63
2013-12-19,50.70,50.70,50.24,50.43,697000,50.32
2013-12-18,50.28,50.91,49.96,50.78,1064300,50.67
2013-12-17,50.22,50.42,50.00,50.16,691800,50.05
2013-12-16,49.32,50.28,49.32,50.18,873600,50.07
2013-12-13,49.58,49.81,49.01,49.19,1319300,49.09
2013-12-12,49.60,49.98,49.48,49.52,881000,49.42
2013-12-11,49.90,50.03,49.41,49.45,689600,49.35
2013-12-10,50.26,50.58,49.78,49.79,1044800,49.69
2013-12-09,50.44,50.79,50.43,50.50,695000,50.39
2013-12-06,50.27,50.55,50.26,50.39,461500,50.28
2013-12-05,50.20,50.27,49.96,49.99,571100,49.89
2013-12-04,49.79,50.44,49.68,50.31,783200,50.20
2013-12-03,50.55,50.58,49.99,50.07,1001000,49.96
2013-12-02,50.64,51.04,50.44,50.63,1311700,50.52
2013-11-29,50.40,50.63,50.24,50.48,452800,50.37
2013-11-27,49.81,50.24,49.77,50.19,1532900,50.08
2013-11-26,50.01,50.11,49.54,49.60,1465400,49.50
2013-11-25,49.97,50.20,49.66,49.90,997700,49.80
2013-11-22,49.90,50.02,49.72,49.98,787800,49.88
2013-11-21,49.38,50.02,49.22,49.86,922800,49.76
2013-11-20,49.53,49.55,48.97,49.19,853100,49.09
2013-11-19,49.44,49.77,49.19,49.23,882300,49.13
2013-11-18,49.46,49.93,49.31,49.50,813800,49.40
2013-11-15,49.52,49.74,49.31,49.43,917600,49.33
2013-11-14,49.12,49.59,49.09,49.55,836700,49.45
2013-11-13,48.25,49.12,48.19,49.09,1365900,48.99
2013-11-12,48.23,48.69,48.02,48.68,1789700,48.48
2013-11-11,47.88,48.81,47.81,48.40,1251000,48.20
2013-11-08,47.17,48.07,47.17,47.75,1270900,47.55
2013-11-07,47.63,47.73,46.88,47.21,1641000,47.01
2013-11-06,47.95,48.18,47.63,47.73,935700,47.53
2013-11-05,47.87,47.99,47.37,47.61,1406900,47.41
2013-11-04,48.08,48.52,48.05,48.15,991600,47.95
2013-11-01,47.96,48.29,47.64,48.20,1795400,48.00
2013-10-31,48.50,48.53,48.15,48.16,1485800,47.96
2013-10-30,48.25,48.76,48.07,48.50,1445000,48.30
2013-10-29,49.30,49.40,48.47,48.50,2139300,48.30
2013-10-28,49.27,49.91,49.08,49.30,1078400,49.10
2013-10-25,49.09,49.38,48.91,49.25,634000,49.05
2013-10-24,48.98,49.41,48.78,49.25,884500,49.05
2013-10-23,48.80,49.11,47.88,49.00,2012600,48.80
2013-10-22,51.04,51.14,48.93,49.06,3791200,48.86
2013-10-21,51.10,51.30,50.76,50.97,960600,50.76
2013-10-18,51.16,51.16,50.49,51.01,811600,50.80
2013-10-17,50.33,51.00,50.31,50.91,1012000,50.70
2013-10-16,50.09,50.59,49.93,50.44,978800,50.23
2013-10-15,50.12,50.35,49.77,50.01,680000,49.80
2013-10-14,49.64,50.36,49.55,50.12,1172100,49.91
2013-10-11,49.34,49.99,49.32,49.96,689800,49.75
2013-10-10,49.07,49.80,48.83,49.49,650700,49.28
2013-10-09,48.77,48.95,48.12,48.49,1001100,48.29
2013-10-08,49.13,49.23,48.57,48.75,1156800,48.55
2013-10-07,49.13,49.49,49.00,49.08,536100,48.88
2013-10-04,48.92,49.69,48.92,49.60,766400,49.39
2013-10-03,49.46,49.63,48.87,49.02,1273600,48.82
2013-10-02,49.35,49.65,49.13,49.63,1558400,49.42
2013-10-01,48.66,49.56,48.66,49.53,1455100,49.32
2013-09-30,48.69,48.98,48.24,48.77,1573800,48.57
2013-09-27,47.84,48.52,47.72,48.47,987800,48.27
2013-09-26,48.10,48.24,47.82,48.01,1030100,47.81
2013-09-25,47.87,48.24,47.59,47.99,1220500,47.79
2013-09-24,47.77,48.55,47.22,47.75,3078900,47.55
2013-09-23,47.67,47.80,46.78,46.84,1987100,46.65
2013-09-20,49.47,49.51,47.72,47.92,3082700,47.72
2013-09-19,49.95,50.00,49.24,49.54,1049200,49.33
2013-09-18,49.93,50.04,49.47,49.85,909400,49.64
2013-09-17,49.65,49.85,49.31,49.79,998700,49.58
2013-09-16,50.14,50.20,49.65,49.68,507100,49.47
2013-09-13,49.45,49.63,49.25,49.53,881300,49.32
2013-09-12,49.57,49.91,49.23,49.31,778000,49.11
2013-09-11,49.53,49.98,49.23,49.61,804500,49.40
2013-09-10,49.64,50.06,49.64,49.88,882000,49.67
2013-09-09,49.21,49.65,48.83,49.51,613000,49.30
2013-09-06,49.73,49.73,48.69,49.17,735500,48.97
2013-09-05,48.43,49.44,48.43,49.29,873500,49.09
2013-09-04,48.25,48.69,48.12,48.49,1224900,48.29
2013-09-03,48.48,48.87,48.01,48.28,1259600,48.08
2013-08-30,47.59,47.87,47.28,47.87,689500,47.67
2013-08-29,47.50,48.05,47.46,47.68,602500,47.48
2013-08-28,47.52,47.66,47.00,47.42,657100,47.22
2013-08-27,48.00,48.10,47.39,47.51,911200,47.31
2013-08-26,48.80,49.09,48.49,48.60,795300,48.40
2013-08-23,49.26,49.26,48.74,48.82,499200,48.62
2013-08-22,48.39,49.65,48.39,49.00,910600,48.80
2013-08-21,48.69,48.69,48.11,48.29,743700,48.09
2013-08-20,48.70,48.99,48.45,48.78,1164000,48.58
2013-08-19,49.41,49.48,48.65,48.70,905500,48.50
2013-08-16,49.27,49.91,49.12,49.53,889300,49.32
2013-08-15,49.28,49.50,48.58,49.32,789500,49.12
2013-08-14,49.46,50.02,49.04,49.66,607800,49.45
2013-08-13,49.96,50.07,49.46,49.49,854000,49.28
2013-08-12,49.83,50.31,49.68,49.90,327400,49.69
2013-08-09,50.25,50.45,50.05,50.06,482600,49.85
2013-08-08,50.07,50.62,49.93,50.28,1110500,50.07
2013-08-07,49.97,50.15,49.49,49.70,854500,49.49
2013-08-06,50.91,50.91,49.87,50.09,932300,49.88
2013-08-05,51.16,51.29,50.76,50.98,545700,50.77
2013-08-02,51.25,51.52,50.83,51.33,675900,51.12
2013-08-01,50.59,51.28,50.49,51.25,1131700,51.04
2013-07-31,51.16,51.26,50.09,50.11,1562000,49.90
2013-07-30,50.47,51.08,50.32,50.86,1442800,50.65
2013-07-29,50.17,50.48,49.97,50.32,1003900,50.11
2013-07-26,49.50,50.42,49.49,50.30,1781200,50.09
2013-07-25,50.10,50.39,49.78,49.90,1608100,49.69
2013-07-24,50.32,50.76,49.87,50.19,3031400,49.98
2013-07-23,49.07,51.36,49.07,50.11,4583900,49.90
2013-07-22,48.36,49.10,48.27,49.00,2285100,48.80
2013-07-19,48.48,48.66,48.19,48.40,811800,48.20
2013-07-18,48.46,48.77,48.42,48.61,1490700,48.41
2013-07-17,48.44,48.55,48.10,48.30,929700,48.10
2013-07-16,48.94,49.45,48.26,48.44,1491000,48.24
2013-07-15,49.10,49.10,48.50,48.98,1258300,48.78
2013-07-12,49.25,49.29,48.65,49.00,1041900,48.80
2013-07-11,49.79,49.97,49.01,49.15,1429500,48.95
2013-07-10,49.34,49.57,49.04,49.36,1764800,49.16
2013-07-09,49.11,49.67,49.05,49.17,3347300,48.97
2013-07-08,48.80,48.88,48.50,48.81,1234800,48.61
2013-07-05,48.44,48.74,48.28,48.60,933000,48.40
2013-07-03,47.58,48.01,47.54,48.01,635800,47.81
2013-07-02,47.54,48.12,47.54,47.82,1175400,47.62
2013-07-01,46.85,47.76,46.73,47.58,1660200,47.38
2013-06-28,46.93,47.05,46.56,46.63,1966800,46.44
2013-06-27,46.00,47.38,45.77,46.99,1781300,46.80
2013-06-26,45.66,46.13,45.30,45.87,969000,45.68
2013-06-25,44.75,45.52,44.51,45.29,1516000,45.10
2013-06-24,45.75,45.76,43.63,44.31,4028600,44.13
2013-06-21,46.91,47.16,45.88,46.16,1829200,45.97
2013-06-20,47.11,47.68,46.67,46.78,3104200,46.59
2013-06-19,47.56,48.05,47.44,47.55,1798600,47.35
2013-06-18,46.70,47.77,46.70,47.56,1826400,47.36
2013-06-17,46.43,47.40,46.43,46.65,1667600,46.46
2013-06-14,46.22,46.42,45.70,45.77,1160700,45.58
2013-06-13,45.46,46.36,45.27,46.28,1075500,46.09
2013-06-12,46.05,46.46,45.35,45.39,981500,45.20
2013-06-11,46.17,46.81,45.75,45.78,1265800,45.59
2013-06-10,46.68,47.42,46.59,46.73,1533700,46.54
2013-06-07,46.40,46.70,45.84,46.50,1010800,46.31
2013-06-06,45.73,46.32,45.55,46.21,1232100,46.02
2013-06-05,45.66,45.95,45.27,45.69,1496800,45.50
2013-06-04,46.70,47.82,45.75,45.79,977800,45.60
2013-06-03,46.18,47.05,45.67,46.56,1497100,46.37
2013-05-31,46.98,47.47,46.03,46.08,2000400,45.89
2013-05-30,44.50,47.77,44.42,46.90,6852200,46.71
2013-05-29,44.43,44.92,44.37,44.49,558900,44.31
2013-05-28,44.98,45.21,44.40,44.77,639900,44.58
2013-05-24,44.44,44.62,44.25,44.48,647100,44.30
2013-05-23,44.26,45.03,43.97,44.65,688100,44.46
2013-05-22,44.86,45.70,44.54,44.59,1308100,44.40
2013-05-21,45.05,45.32,44.82,44.84,863400,44.65
2013-05-20,44.27,45.16,44.21,45.05,1594200,44.86
2013-05-17,44.10,44.66,44.10,44.45,622400,44.27
2013-05-16,44.42,44.54,43.89,43.90,703300,43.72
2013-05-15,44.16,44.60,44.02,44.50,640100,44.32
2013-05-14,43.96,44.63,43.95,44.14,860700,43.96
2013-05-13,44.24,44.28,43.85,43.93,445400,43.75
2013-05-10,44.12,44.40,43.92,44.39,692400,44.21
2013-05-09,44.04,44.29,43.89,44.00,932600,43.82
2013-05-08,43.72,44.20,43.48,44.13,837600,43.95
2013-05-07,43.80,43.87,43.09,43.73,1233000,43.55
2013-05-06,43.26,43.94,43.26,43.79,990400,43.61
2013-05-03,43.05,43.42,42.81,43.28,1080200,43.10
2013-05-02,42.37,42.77,42.20,42.46,654800,42.28
2013-05-01,42.25,42.63,42.04,42.14,957800,41.97
2013-04-30,42.31,42.60,42.09,42.51,820400,42.33
2013-04-29,42.40,42.46,42.08,42.24,666100,42.06
2013-04-26,42.29,42.47,41.84,42.31,1049500,42.13
2013-04-25,42.61,42.83,42.11,42.41,1193100,42.23
2013-04-24,41.98,43.03,41.32,42.62,3214700,42.44
2013-04-23,41.00,41.74,39.46,40.88,3754800,40.71
2013-04-22,41.68,41.86,41.23,41.45,1341300,41.28
2013-04-19,41.36,41.68,41.24,41.67,566100,41.50
2013-04-18,41.80,41.86,41.17,41.31,771100,41.14
2013-04-17,41.80,41.84,41.20,41.83,1067600,41.66
2013-04-16,41.55,42.21,41.45,42.03,943000,41.86
2013-04-15,42.81,42.89,41.25,41.27,1552900,41.10
2013-04-12,43.18,43.19,42.82,42.99,867100,42.81
2013-04-11,43.39,43.41,42.99,43.27,802100,43.09
2013-04-10,42.50,43.45,42.46,43.34,1335100,43.16
2013-04-09,42.60,42.68,42.28,42.34,578800,42.16
2013-04-08,42.14,42.58,42.00,42.48,848900,42.30
2013-04-05,42.22,42.29,41.72,42.20,1178500,42.02
2013-04-04,42.30,42.64,42.06,42.61,1035700,42.43
2013-04-03,42.77,42.88,42.10,42.26,752000,42.08
2013-04-02,43.29,43.29,42.60,42.81,876300,42.63
2013-04-01,43.49,43.65,42.80,43.12,1175100,42.94
2013-03-28,43.42,43.54,43.08,43.48,913300,43.30
2013-03-27,43.55,43.58,43.03,43.44,655000,43.26
2013-03-26,43.97,44.00,43.69,43.75,929700,43.57
2013-03-25,43.23,43.85,43.18,43.70,1451400,43.52
2013-03-22,43.84,43.96,43.62,43.76,845700,43.58
2013-03-21,43.48,43.97,43.48,43.62,776400,43.44
2013-03-20,43.85,43.88,43.56,43.78,931300,43.60
2013-03-19,43.81,44.15,43.55,43.58,874100,43.40
2013-03-18,44.08,44.39,43.47,43.67,1531200,43.49
2013-03-15,44.64,44.88,44.50,44.58,1044000,44.40
2013-03-14,43.85,44.72,43.77,44.72,978500,44.53
2013-03-13,43.75,44.11,43.74,43.82,766200,43.64
2013-03-12,44.05,44.24,43.69,43.75,1135100,43.57
2013-03-11,44.34,44.52,44.05,44.12,793100,43.94
2013-03-08,44.66,44.81,44.11,44.44,1238900,44.26
2013-03-07,42.98,44.88,42.97,44.48,3546000,44.30
2013-03-06,42.73,43.17,42.62,42.91,906000,42.73
2013-03-05,42.45,43.01,42.43,42.55,1019000,42.37
2013-03-04,42.26,42.46,42.00,42.32,949900,42.14
2013-03-01,41.72,42.51,41.65,42.38,1134100,42.20
2013-02-28,42.04,42.18,41.78,41.86,1254300,41.69
2013-02-27,42.05,42.28,41.77,42.18,1527000,42.00
2013-02-26,42.14,42.28,41.63,42.00,1785800,41.83
2013-02-25,42.71,43.00,42.01,42.02,1322400,41.85
2013-02-22,42.41,43.01,42.28,42.56,956900,42.38
2013-02-21,42.36,42.50,42.11,42.15,1362800,41.98
2013-02-20,42.77,42.97,42.42,42.50,1770800,42.32
2013-02-19,42.67,43.34,42.59,42.94,1212200,42.76
2013-02-15,42.39,42.77,42.33,42.65,1273400,42.47
2013-02-14,42.35,42.46,42.03,42.45,971300,42.27
2013-02-13,42.46,42.81,42.21,42.42,1710500,42.24
2013-02-12,42.39,42.52,42.12,42.31,1874500,42.13
2013-02-11,42.86,43.06,42.32,42.45,1478400,42.27
2013-02-08,42.07,43.19,41.76,42.75,5565000,42.57
2013-02-07,42.15,42.47,41.81,42.03,1723500,41.86
2013-02-06,41.79,42.24,41.72,42.20,2095900,42.02
2013-02-05,41.65,42.31,41.62,42.00,2600900,41.83
2013-02-04,42.28,42.34,41.95,42.07,1451300,41.90
2013-02-01,42.48,43.18,42.41,42.44,2271800,42.26
2013-01-31,42.04,42.66,41.98,42.35,1480300,42.17
2013-01-30,42.50,43.06,42.32,42.71,2423900,42.53
2013-01-29,41.55,43.90,41.55,42.41,6079300,42.23
2013-01-28,40.79,40.88,40.27,40.62,1853100,40.45
2013-01-25,40.54,40.72,40.36,40.71,807900,40.54
2013-01-24,40.62,40.80,40.21,40.35,1322600,40.18
2013-01-23,40.07,40.67,39.94,40.65,875500,40.48
2013-01-22,39.81,40.26,39.52,40.23,2086200,40.06
2013-01-18,40.16,40.28,39.78,39.80,1399800,39.63
2013-01-17,40.58,40.63,40.07,40.11,1151100,39.94
2013-01-16,40.40,40.59,40.12,40.43,613900,40.26
2013-01-15,39.68,40.55,39.65,40.46,841900,40.29
2013-01-14,39.84,40.00,39.71,40.00,934600,39.83
2013-01-11,39.85,39.90,39.25,39.86,806300,39.69
2013-01-10,39.40,40.00,38.99,40.00,1221900,39.83
2013-01-09,39.66,40.17,39.56,39.78,991300,39.61
2013-01-08,39.61,39.93,39.55,39.66,663100,39.50
2013-01-07,39.92,40.13,39.33,39.66,981600,39.50
2013-01-04,39.23,40.27,39.17,40.14,1189800,39.97
2013-01-03,39.04,39.16,38.61,39.10,2186500,38.94
2013-01-02,39.39,39.45,38.76,39.04,1378600,38.88
2012-12-31,38.00,38.65,37.66,38.64,1197500,38.48
2012-12-28,38.05,38.16,37.94,37.99,817500,37.83
2012-12-27,38.18,38.60,37.95,38.53,753000,38.37
2012-12-26,38.10,38.35,38.05,38.08,2695400,37.92
2012-12-24,38.01,38.25,37.77,38.07,857600,37.91
2012-12-21,37.96,38.41,37.76,38.13,971500,37.97
2012-12-20,38.17,38.47,38.15,38.42,1314300,38.26
2012-12-19,38.54,38.70,38.13,38.17,1051000,38.01
2012-12-18,38.35,38.79,38.10,38.51,2561200,38.35
2012-12-17,37.96,38.26,37.80,38.15,1263000,37.99
2012-12-14,38.06,38.20,37.63,37.93,1304600,37.77
2012-12-13,38.56,38.92,37.95,38.01,1015500,37.85
2012-12-12,38.40,38.96,38.25,38.56,3307700,38.40
2012-12-11,38.32,38.77,38.11,38.33,900900,38.17
2012-12-10,38.31,38.44,37.74,38.28,824100,38.12
2012-12-07,37.81,38.48,37.81,38.47,951800,38.31
2012-12-06,37.24,37.79,37.20,37.76,911500,37.60
2012-12-05,36.67,37.46,36.53,37.35,993900,37.20
2012-12-04,36.59,36.80,36.32,36.60,819800,36.45
2012-12-03,37.02,37.13,36.60,36.67,782900,36.52
2012-11-30,36.90,37.07,36.80,37.05,1398000,36.90
2012-11-29,37.00,37.14,36.72,37.00,571500,36.85
2012-11-28,36.44,36.87,36.25,36.82,537200,36.67
2012-11-27,36.30,37.20,36.02,36.74,1272900,36.59
2012-11-26,36.87,36.95,36.20,36.43,1192900,36.28
2012-11-23,36.69,37.20,36.60,37.20,272000,37.05
2012-11-21,36.84,37.01,36.33,36.45,989300,36.30
2012-11-20,37.01,37.23,36.68,36.80,884100,36.65
2012-11-19,37.14,37.30,36.92,37.07,1068300,36.92
2012-11-16,36.80,36.93,36.11,36.63,1028700,36.48
2012-11-15,36.16,36.71,36.10,36.35,721800,36.20
2012-11-14,36.96,37.11,36.02,36.12,1262700,35.97
2012-11-13,36.73,37.51,36.55,36.89,1139300,36.74
2012-11-12,37.11,37.19,36.92,37.02,1007800,36.87
2012-11-09,36.72,37.42,36.72,36.90,1138900,36.75
2012-11-08,37.42,37.42,36.29,36.75,3532100,36.60
2012-11-07,38.07,38.22,37.22,37.42,2699700,37.26
2012-11-06,37.94,38.74,37.52,38.69,984700,38.53
2012-11-05,38.05,38.23,37.40,37.78,1657500,37.62
2012-11-02,38.33,38.45,37.94,38.25,1689000,38.09
2012-11-01,37.22,37.84,36.75,37.79,1793900,37.63
2012-10-31,37.00,37.34,36.67,37.22,1507700,37.07
2012-10-26,37.60,37.71,36.86,37.06,2140300,36.91
2012-10-25,37.85,38.18,37.07,37.55,968300,37.39
2012-10-24,36.58,37.92,36.50,37.51,2583200,37.35
2012-10-23,37.69,38.50,36.32,36.51,6576000,36.36
2012-10-22,39.82,40.42,39.50,40.02,1439800,39.85
2012-10-19,40.66,40.66,39.80,40.10,1016200,39.93
2012-10-18,40.30,41.11,40.14,40.81,734500,40.64
2012-10-17,40.26,40.38,39.95,40.31,1403900,40.14
2012-10-16,40.03,40.65,39.84,40.13,1814100,39.96
2012-10-15,39.70,40.06,39.50,39.99,710600,39.82
2012-10-12,39.94,40.17,39.59,39.66,555300,39.50
2012-10-11,40.13,40.33,39.58,39.92,2105200,39.75
2012-10-10,40.04,40.04,39.52,39.62,1531900,39.46
2012-10-09,40.27,40.39,39.95,40.04,459600,39.87
2012-10-08,40.15,40.37,40.06,40.21,629900,40.04
2012-10-05,39.99,40.59,39.79,40.29,1805000,40.12
2012-10-04,39.54,39.99,39.31,39.87,1187600,39.70
2012-10-03,39.37,39.69,39.09,39.55,815400,39.39
2012-10-02,39.31,39.69,39.12,39.25,582800,39.09
2012-10-01,39.41,39.69,39.13,39.21,1510500,39.05
2012-09-28,39.52,39.77,39.10,39.39,2401100,39.23
2012-09-27,40.08,40.76,39.77,39.90,1731200,39.73
2012-09-26,40.34,40.37,39.75,39.99,1684700,39.82
2012-09-25,41.20,41.41,40.33,40.42,2186100,40.25
2012-09-24,38.98,41.72,38.82,41.25,6512300,41.08
2012-09-21,39.27,39.66,38.94,38.95,570300,38.79
2012-09-20,39.17,39.20,38.58,39.07,745900,38.91
2012-09-19,39.80,39.83,39.25,39.35,1375800,39.19
2012-09-18,40.43,40.46,39.40,39.71,2439100,39.55
2012-09-17,41.33,41.44,40.41,40.53,1260600,40.36
2012-09-14,41.04,41.95,40.97,41.38,1602900,41.21
2012-09-13,40.65,41.26,40.28,40.95,1305200,40.78
2012-09-12,39.72,40.63,39.57,40.60,1299600,40.43
2012-09-11,39.27,39.70,39.14,39.55,514600,39.39
2012-09-10,39.97,40.23,39.24,39.30,1312100,39.14
2012-09-07,39.30,40.03,39.21,40.03,1283100,39.86
2012-09-06,38.23,39.43,38.23,39.26,1569800,39.10
2012-09-05,38.11,38.22,37.69,38.15,617900,37.99
2012-09-04,37.85,38.20,37.21,38.18,1359700,38.02
2012-08-31,37.98,38.09,37.62,37.76,728800,37.60
2012-08-30,37.81,38.07,37.52,37.87,618200,37.71
2012-08-29,37.97,38.20,37.83,37.99,942000,37.83
2012-08-28,37.91,38.10,37.57,37.92,975700,37.76
2012-08-27,38.42,38.53,37.90,37.90,680300,37.74
2012-08-24,38.25,38.38,37.93,38.35,974300,38.19
2012-08-23,38.72,38.88,38.23,38.30,752700,38.14
2012-08-22,39.31,39.39,38.52,38.70,1251900,38.54
2012-08-21,38.62,39.52,38.45,39.36,2367100,39.20
2012-08-20,38.29,38.62,38.18,38.53,730200,38.37
2012-08-17,38.09,38.32,37.82,38.32,478600,38.16
2012-08-16,37.84,38.15,37.70,38.07,521000,37.91
2012-08-15,37.68,37.99,37.58,37.84,772400,37.68
2012-08-14,38.17,38.25,37.61,37.70,870200,37.54
2012-08-13,38.60,38.60,37.97,38.02,714800,37.86
2012-08-10,37.62,38.77,37.62,38.70,801900,38.54
2012-08-09,38.13,38.33,37.84,38.30,809800,38.14
2012-08-08,38.06,38.31,37.68,38.05,1023400,37.89
2012-08-07,38.09,38.48,38.01,38.15,819500,37.99
2012-08-06,37.56,38.19,37.48,38.00,986000,37.84
2012-08-03,37.54,37.61,37.33,37.55,821800,37.39
2012-08-02,36.68,37.15,36.44,37.15,1378800,37.00
2012-08-01,36.71,37.13,36.63,37.06,2225000,36.91
2012-07-31,35.72,36.70,35.72,36.52,2398500,36.37
2012-07-30,35.26,37.50,35.26,35.94,3438700,35.79
2012-07-27,34.42,35.13,34.30,34.79,2357400,34.65
2012-07-26,34.75,34.79,34.15,34.20,1523800,34.06
2012-07-25,34.71,34.83,34.34,34.44,771500,34.30
2012-07-24,34.65,34.90,34.38,34.66,1016800,34.52
2012-07-23,34.32,34.71,34.18,34.60,882900,34.46
2012-07-20,34.80,35.02,34.72,34.80,1907300,34.66
2012-07-19,35.16,35.16,34.74,34.99,1534800,34.84
2012-07-18,35.05,35.20,34.86,35.05,1127500,34.90
2012-07-17,35.26,35.26,34.70,35.06,1140600,34.91
2012-07-16,35.23,35.30,34.76,35.04,980100,34.89
2012-07-13,35.00,35.54,35.00,35.33,779400,35.18
2012-07-12,34.72,35.13,34.43,34.99,881400,34.84
2012-07-11,35.01,35.33,34.74,35.00,903800,34.85
2012-07-10,36.20,36.47,34.83,34.99,1299100,34.84
2012-07-09,35.97,36.30,35.96,36.16,850700,36.01
2012-07-06,35.48,36.20,35.29,36.17,507400,36.02
2012-07-05,36.20,36.20,35.73,35.99,907300,35.84
2012-07-03,35.77,36.48,35.77,36.26,724400,36.11
2012-07-02,35.85,36.09,35.38,35.78,790700,35.63
2012-06-29,35.67,35.78,34.99,35.64,1430900,35.49
2012-06-28,34.76,35.23,34.37,35.10,1668600,34.95
2012-06-27,34.57,35.09,34.38,34.99,871500,34.84
2012-06-26,34.37,34.71,34.25,34.50,1440900,34.36
2012-06-25,34.13,34.54,33.91,34.35,1068500,34.21
2012-06-22,34.49,34.87,34.41,34.45,1934400,34.31
2012-06-21,34.50,34.79,34.19,34.25,1678800,34.11
2012-06-20,34.17,34.60,34.17,34.46,794600,34.32
2012-06-19,33.36,34.48,33.33,34.26,1218600,34.12
2012-06-18,33.20,33.37,33.00,33.21,809600,33.07
2012-06-15,33.80,33.85,33.08,33.41,2947400,33.27
2012-06-14,33.93,34.13,33.45,33.82,1302000,33.68
2012-06-13,33.89,34.24,33.65,33.74,3042600,33.60
2012-06-12,34.02,34.12,33.55,33.95,3121200,33.81
2012-06-11,34.84,35.01,33.88,33.91,1460100,33.77
2012-06-08,34.22,34.53,34.00,34.53,867100,34.39
2012-06-07,34.88,35.38,34.21,34.39,928600,34.25
2012-06-06,34.04,34.45,33.88,34.40,1165200,34.26
2012-06-05,33.10,33.63,33.02,33.61,1123800,33.47
2012-06-04,32.71,33.43,32.62,33.18,2084400,33.04
2012-06-01,33.54,33.64,32.29,32.57,1881300,32.43
2012-05-31,34.13,34.46,33.74,34.19,888900,34.05
2012-05-30,34.64,34.65,33.55,34.10,1330900,33.96
2012-05-29,35.15,35.15,34.37,34.97,1099400,34.82
2012-05-25,35.06,35.15,34.64,34.79,610500,34.65
2012-05-24,34.42,35.21,34.30,35.16,1122600,35.01
2012-05-23,34.36,34.47,33.73,34.32,1163300,34.18
2012-05-22,34.64,35.15,34.36,34.68,1735400,34.54
2012-05-21,33.74,34.72,33.69,34.50,1428400,34.36
2012-05-18,34.35,34.38,33.17,33.59,1763600,33.45
2012-05-17,35.55,35.55,33.86,34.25,2647700,34.11
2012-05-16,35.83,36.23,35.49,35.53,1178700,35.38
2012-05-15,36.34,36.51,35.53,35.80,1568900,35.65
2012-05-14,36.63,37.07,36.40,36.45,1229100,36.30
2012-05-11,36.27,37.15,36.01,37.10,1180600,36.95
2012-05-10,37.17,37.39,36.61,36.68,800100,36.53
2012-05-09,36.71,37.23,36.43,36.84,1284300,36.69
2012-05-08,37.51,37.59,36.81,37.30,1810500,37.15
2012-05-07,38.13,38.53,37.51,37.84,1372200,37.68
2012-05-04,38.46,38.51,37.23,38.12,1823600,37.96
2012-05-03,37.55,39.14,37.46,38.86,3021000,38.70
2012-05-02,37.78,37.88,37.18,37.44,1475100,37.28
2012-05-01,37.68,38.09,37.60,37.70,963100,37.54
2012-04-30,38.00,38.00,37.49,37.85,773300,37.69
2012-04-27,38.03,38.27,37.49,37.97,1198400,37.81
2012-04-26,37.61,38.19,37.50,37.97,1252700,37.81
2012-04-25,39.00,39.03,37.24,37.58,1908300,37.42
2012-04-24,37.67,38.91,36.82,38.74,2837800,38.58
2012-04-23,39.22,39.54,39.00,39.19,1136400,39.03
2012-04-20,40.19,40.24,39.61,39.85,709700,39.68
2012-04-19,39.76,40.13,39.43,39.99,895900,39.82
2012-04-18,40.03,40.38,39.82,39.83,458300,39.66
2012-04-17,40.22,40.64,40.13,40.23,1082600,40.06
2012-04-16,40.07,40.38,39.62,39.82,703500,39.65
2012-04-13,40.82,40.82,39.76,39.84,736500,39.67
2012-04-12,40.49,41.31,40.36,40.83,1255900,40.66
2012-04-11,39.28,40.55,39.22,40.34,1478600,40.17
2012-04-10,40.39,40.39,38.70,38.83,1356400,38.67
2012-04-09,40.25,40.50,39.92,40.38,655300,40.21
2012-04-05,40.90,41.16,40.66,40.83,601200,40.66
2012-04-04,41.05,41.39,40.91,41.09,858000,40.92
2012-04-03,41.54,41.70,41.08,41.53,791300,41.36
2012-04-02,41.01,41.99,40.87,41.60,1362100,41.43
2012-03-30,41.45,41.45,40.59,41.24,1097600,41.07
2012-03-29,41.56,41.60,40.81,41.26,708800,41.09
2012-03-28,41.27,42.05,41.27,41.82,922600,41.65
2012-03-27,42.15,42.15,41.25,41.33,757400,41.16
2012-03-26,42.13,42.28,41.76,42.00,757700,41.83
2012-03-23,41.68,41.85,41.19,41.80,694800,41.63
2012-03-22,41.86,42.29,41.55,41.77,899500,41.60
2012-03-21,42.76,42.80,42.11,42.24,966300,42.06
2012-03-20,42.63,42.96,42.33,42.77,1317000,42.59
2012-03-19,43.02,43.35,42.76,42.91,655800,42.73
2012-03-16,43.17,43.31,42.73,43.19,1011100,43.01
2012-03-15,42.82,43.20,42.52,43.00,1282900,42.82
2012-03-14,40.78,43.00,40.78,42.74,4078500,42.56
2012-03-13,40.03,40.84,39.94,40.75,1769700,40.58
2012-03-12,39.67,40.09,39.29,39.94,774800,39.77
2012-03-09,39.16,39.96,39.16,39.60,673700,39.44
2012-03-08,39.06,39.75,38.84,39.20,750100,39.04
2012-03-07,38.38,38.98,38.34,38.93,537200,38.77
2012-03-06,39.28,39.33,38.10,38.35,1525300,38.19
2012-03-05,40.12,40.19,39.39,39.69,637000,39.53
2012-03-02,40.60,40.69,39.98,40.11,663400,39.94
2012-03-01,40.78,41.16,40.33,40.69,897600,40.52
2012-02-29,40.34,41.26,39.89,40.71,2116700,40.54
2012-02-28,40.15,40.40,40.05,40.18,848000,40.01
2012-02-27,40.11,40.44,39.82,40.32,948600,40.15
2012-02-24,40.41,40.78,40.01,40.34,976300,40.17
2012-02-23,39.85,40.40,39.58,40.38,1162700,40.21
2012-02-22,40.73,40.73,39.82,39.99,1093900,39.82
2012-02-21,41.50,41.50,40.62,40.81,1142100,40.64
2012-02-17,41.48,41.48,41.18,41.33,954200,41.16
2012-02-16,41.13,41.56,40.96,41.31,1690300,41.14
2012-02-15,41.41,41.46,40.94,40.94,1589600,40.77
2012-02-14,41.34,41.57,41.03,41.22,1054000,41.05
2012-02-13,42.00,42.10,41.56,41.60,657300,41.43
2012-02-10,41.34,41.94,41.09,41.65,996100,41.48
2012-02-09,42.15,42.27,41.49,41.83,2249200,41.66
2012-02-08,40.97,41.38,40.84,41.20,1947400,41.03
2012-02-07,40.87,41.11,40.68,40.69,1802000,40.52
2012-02-06,40.27,41.21,40.08,40.91,1720100,40.74
2012-02-03,39.75,40.46,39.53,40.35,4601500,40.18
2012-02-02,39.26,39.26,39.00,39.18,1818300,39.02
2012-02-01,38.64,39.30,38.61,39.05,4365000,38.89
2012-01-31,38.48,39.68,38.08,38.14,3738200,37.98
2012-01-30,37.75,38.16,37.59,38.00,1854000,37.84
2012-01-27,37.71,38.44,37.71,38.02,1308300,37.86
2012-01-26,38.25,38.31,37.76,38.00,1287100,37.84
2012-01-25,37.30,38.21,37.16,38.05,1537600,37.89
2012-01-24,37.28,37.75,36.64,37.30,880000,37.15
2012-01-23,37.75,38.05,37.25,37.61,717300,37.45
2012-01-20,37.64,38.14,37.48,37.79,1493000,37.63
2012-01-19,37.02,37.68,37.02,37.61,2427100,37.45
2012-01-18,36.39,36.96,36.13,36.94,680900,36.79
2012-01-17,37.19,37.22,36.17,36.40,837800,36.25
2012-01-13,36.64,37.19,36.30,37.11,915300,36.96
2012-01-12,37.14,37.38,36.88,37.25,1420800,37.10
2012-01-11,36.93,37.21,36.84,37.14,690700,36.99
2012-01-10,36.86,37.27,36.62,37.11,1477200,36.96
2012-01-09,35.66,36.46,35.32,36.46,1407700,36.31
2012-01-06,35.41,35.68,35.06,35.62,985400,35.47
2012-01-05,34.74,35.69,34.45,35.27,1012500,35.12
2012-01-04,35.60,35.64,34.73,34.84,1697600,34.70
2012-01-03,35.82,36.21,35.63,35.83,1176200,35.68
2011-12-30,34.97,35.17,34.63,34.87,732900,34.73
2011-12-29,34.74,35.21,34.51,35.12,569600,34.97
2011-12-28,35.28,35.40,34.56,34.65,906400,34.51
2011-12-27,35.83,36.22,35.32,35.34,1010900,35.19
2011-12-23,36.15,36.32,34.79,36.02,1409900,35.87
2011-12-22,35.71,36.44,35.65,36.03,1144200,35.88
2011-12-21,34.84,35.72,34.51,35.52,1131900,35.37
2011-12-20,34.71,34.98,34.53,34.86,1323900,34.72
2011-12-19,34.72,34.97,33.79,34.02,1099200,33.88
2011-12-16,35.03,35.62,34.29,34.74,1606000,34.60
2011-12-15,33.98,34.79,33.85,34.58,1497400,34.44
2011-12-14,33.49,33.99,33.21,33.53,1795400,33.39
2011-12-13,34.00,34.46,33.59,33.82,2102500,33.68
2011-12-12,33.94,34.34,33.33,33.69,1641300,33.55
2011-12-09,34.08,34.61,33.98,34.15,829100,34.01
2011-12-08,34.30,34.30,33.72,33.75,2048000,33.61
2011-12-07,33.97,34.64,33.75,34.52,1223700,34.38
2011-12-06,34.26,34.51,33.76,34.25,1433400,34.11
2011-12-05,34.48,34.93,33.99,34.48,1125100,34.34
2011-12-02,34.00,34.35,33.85,34.00,1724300,33.86
2011-12-01,33.57,34.06,33.14,33.68,1248300,33.54
2011-11-30,32.62,33.88,32.50,33.86,1892700,33.72
2011-11-29,31.74,32.00,31.35,31.57,1807100,31.44
2011-11-28,31.45,32.17,31.28,31.81,2538000,31.68
2011-11-25,30.06,30.67,29.98,30.27,642900,30.14
2011-11-23,30.17,30.59,30.00,30.20,1245700,30.07
2011-11-22,30.76,31.06,30.38,30.62,1190100,30.49
2011-11-21,31.01,31.15,30.00,30.90,2095000,30.77
2011-11-18,31.58,31.95,31.29,31.68,704700,31.55
2011-11-17,32.22,32.50,31.15,31.40,1630000,31.27
2011-11-16,31.95,32.82,31.87,32.22,1635000,32.09
2011-11-15,33.29,33.40,31.91,32.35,3049200,32.22
2011-11-14,34.79,34.82,33.24,33.40,1857700,33.26
2011-11-11,34.86,35.12,34.72,35.04,854900,34.89
2011-11-10,34.31,34.52,33.84,34.49,1072100,34.35
2011-11-09,35.00,35.00,33.72,33.81,1132200,33.67
2011-11-08,35.81,36.14,35.26,36.00,896200,35.85
2011-11-07,35.27,35.67,34.90,35.62,746700,35.47
2011-11-04,35.11,35.55,34.64,35.25,866200,35.10
2011-11-03,34.86,35.60,33.97,35.53,1104000,35.38
2011-11-02,33.94,34.74,33.88,34.38,993700,34.24
2011-11-01,33.51,34.35,33.16,33.33,1755100,33.19
2011-10-31,35.17,35.71,34.84,34.85,1163000,34.71
2011-10-28,36.53,36.65,35.76,35.80,1224000,35.65
2011-10-27,36.92,37.37,36.19,36.60,2903600,36.45
2011-10-26,34.81,36.34,34.81,35.58,3385800,35.43
2011-10-25,35.07,35.97,34.04,34.45,1902300,34.31
2011-10-24,35.15,36.45,35.03,35.83,1923800,35.68
2011-10-21,34.71,35.67,34.38,35.27,5232000,35.12
2011-10-20,33.73,34.21,32.99,34.13,988300,33.99
2011-10-19,34.22,34.39,33.71,33.75,1041900,33.61
2011-10-18,32.47,34.58,32.40,34.39,1660600,34.25
2011-10-17,32.93,32.95,32.27,32.38,1012900,32.25
2011-10-14,33.20,33.53,32.51,33.24,1431900,33.10
2011-10-13,32.60,33.21,32.31,32.84,1873800,32.70
2011-10-12,31.69,33.02,31.63,32.86,1319200,32.72
2011-10-11,31.01,31.84,30.76,31.50,655600,31.37
2011-10-10,30.61,31.43,30.60,31.42,1080200,31.29
2011-10-07,31.06,31.54,30.11,30.13,1690200,30.00
2011-10-06,29.86,31.07,29.47,31.04,1374100,30.91
2011-10-05,29.69,30.18,29.04,30.02,1284600,29.90
2011-10-04,28.87,29.83,27.68,29.66,3300000,29.54
2011-10-03,29.96,30.60,29.07,29.12,2318200,29.00
2011-09-30,30.94,31.09,30.36,30.37,1309500,30.24
2011-09-29,31.85,32.04,30.80,31.61,1753700,31.48
2011-09-28,32.62,32.73,31.18,31.21,1667900,31.08
2011-09-27,33.46,33.46,32.17,32.44,2072100,32.31
2011-09-26,32.36,32.62,31.51,32.62,1731500,32.48
2011-09-23,31.70,32.23,31.42,31.90,2121500,31.77
2011-09-22,31.58,32.11,30.80,31.94,2262400,31.81
2011-09-21,34.09,34.47,32.32,32.33,2218200,32.20
2011-09-20,34.00,34.68,33.85,34.14,1291100,34.00
2011-09-19,33.91,34.36,33.22,34.00,1191900,33.86
2011-09-16,34.42,34.75,33.70,34.59,1271100,34.45
2011-09-15,33.83,34.30,33.07,34.26,1591600,34.12
2011-09-14,33.02,33.74,32.52,33.49,1601900,33.35
2011-09-13,32.88,33.40,32.31,32.69,1541900,32.55
2011-09-12,31.67,32.82,31.62,32.82,1540500,32.68
2011-09-09,32.82,32.95,31.90,32.02,1543000,31.89
2011-09-08,33.70,34.04,33.08,33.24,1103200,33.10
2011-09-07,33.05,34.23,32.81,34.09,1177300,33.95
2011-09-06,32.23,32.65,31.78,32.44,1650600,32.31
2011-09-02,33.39,33.65,32.60,32.76,1466700,32.62
2011-09-01,34.62,35.06,34.04,34.15,2825600,34.01
2011-08-31,34.46,35.15,34.28,34.57,1838000,34.43
2011-08-30,34.09,34.67,33.60,34.31,1631800,34.17
2011-08-29,33.67,34.34,33.67,34.34,1436900,34.20
2011-08-26,31.74,33.58,31.48,33.11,2242200,32.97
2011-08-25,33.03,33.70,31.57,31.89,2237500,31.76
2011-08-24,30.90,32.68,30.72,32.12,3249100,31.99
2011-08-23,30.34,30.90,29.55,30.90,3414700,30.77
2011-08-22,31.31,31.48,29.85,30.27,2476900,30.14
2011-08-19,31.06,31.82,30.40,30.55,3888400,30.42
2011-08-18,32.50,32.50,30.86,31.46,5123800,31.33
2011-08-17,34.00,34.10,33.25,33.45,1678400,33.31
2011-08-16,35.06,35.06,33.71,33.88,3754100,33.74
2011-08-15,35.04,35.69,34.84,35.64,2961100,35.49
2011-08-12,35.34,35.59,34.41,34.67,2087700,34.53
2011-08-11,33.68,35.34,33.03,35.00,3763100,34.85
2011-08-10,34.48,35.06,33.08,33.35,5578500,33.21
2011-08-09,32.05,35.05,31.69,34.97,5518100,34.82
2011-08-08,33.69,33.90,31.22,31.22,4503900,31.09
2011-08-05,36.23,36.38,34.07,34.54,5388700,34.40
2011-08-04,37.52,37.54,35.77,35.80,2515200,35.65
2011-08-03,37.58,38.08,36.93,37.99,1214700,37.83
2011-08-02,39.14,39.37,37.52,37.60,1663500,37.44
2011-08-01,40.17,40.38,39.08,39.31,1294100,39.15
2011-07-29,39.89,40.16,39.28,39.74,890900,39.58
2011-07-28,40.54,40.92,40.08,40.09,534500,39.92
2011-07-27,40.80,41.29,40.23,40.34,1923400,40.17
2011-07-26,40.00,41.77,39.98,41.19,2982200,41.02
2011-07-25,39.31,40.01,39.07,39.65,1681400,39.49
2011-07-22,39.24,39.97,38.68,39.95,1655400,39.78
2011-07-21,39.87,40.43,39.12,39.23,2345000,39.07
2011-07-20,40.02,40.22,39.49,39.59,1230000,39.43
2011-07-19,39.37,40.01,39.37,39.85,1441000,39.68
2011-07-18,40.13,40.21,38.90,39.03,1533300,38.87
2011-07-15,40.72,40.94,40.03,40.41,1444600,40.24
2011-07-14,41.25,41.39,39.95,40.47,1185600,40.30
2011-07-13,41.39,41.72,40.98,41.03,766300,40.86
2011-07-12,40.86,41.77,40.65,41.20,1602700,41.03
2011-07-11,42.78,42.80,40.74,40.81,2044300,40.64
2011-07-08,43.66,43.84,43.16,43.35,806600,43.17
2011-07-07,44.17,44.66,44.08,44.17,1194300,43.99
2011-07-06,43.85,44.01,43.06,43.73,1133000,43.55
2011-07-05,44.54,44.88,43.93,44.12,1246200,43.94
2011-07-01,44.22,44.81,44.06,44.74,930100,44.55
2011-06-30,44.08,44.48,43.71,44.26,1660100,44.08
2011-06-29,43.50,44.07,43.48,44.06,1195900,43.88
2011-06-28,43.00,43.42,42.98,43.31,1071700,43.13
2011-06-27,42.18,43.06,42.18,42.90,938400,42.72
2011-06-24,42.75,42.94,42.21,42.27,1027000,42.09
2011-06-23,42.60,43.10,41.67,42.69,2278800,42.51
2011-06-22,43.18,43.39,42.66,42.90,1763100,42.72
2011-06-21,42.95,43.35,42.79,43.27,1091100,43.09
2011-06-20,42.49,42.99,42.23,42.95,986700,42.77
2011-06-17,42.44,42.94,41.87,42.69,3793200,42.51
2011-06-16,41.96,42.17,41.67,42.16,1424200,41.99
2011-06-15,42.38,42.61,41.74,42.10,1429800,41.93
2011-06-14,42.75,42.97,42.44,42.80,991100,42.62
2011-06-13,42.20,42.58,42.07,42.38,1288500,42.20
2011-06-10,42.70,42.79,41.81,42.17,2174900,42.00
2011-06-09,42.73,43.04,42.53,42.92,1007400,42.74
2011-06-08,42.56,42.87,42.16,42.74,2140200,42.56
2011-06-07,43.30,43.56,42.36,42.60,2085000,42.42
2011-06-06,43.30,43.43,43.00,43.09,1977700,42.91
2011-06-03,43.25,43.57,43.01,43.33,1591400,43.15
2011-06-02,43.25,43.73,43.13,43.68,1936300,43.50
2011-06-01,44.31,44.37,43.07,43.25,3410600,43.07
2011-05-31,44.42,44.50,43.99,44.33,2753700,44.15
2011-05-27,42.47,44.34,42.40,43.80,2374500,43.62
2011-05-26,41.62,42.52,41.34,42.41,1775500,42.23
2011-05-25,40.65,41.90,40.65,41.64,2215800,41.47
2011-05-24,41.12,41.27,40.56,40.86,723400,40.69
2011-05-23,41.65,41.94,41.11,41.12,806300,40.95
2011-05-20,42.06,42.12,41.67,41.96,1225000,41.79
2011-05-19,42.23,42.27,41.68,42.17,1626400,42.00
2011-05-18,42.17,42.29,41.91,42.19,1555900,42.01
2011-05-17,42.30,42.72,41.90,42.20,2116900,42.02
2011-05-16,42.62,42.92,42.48,42.57,862600,42.39
2011-05-13,42.84,43.00,42.40,42.65,1956100,42.47
2011-05-12,42.99,43.07,42.65,42.86,1772700,42.68
2011-05-11,43.20,43.68,42.99,43.02,1401200,42.84
2011-05-10,43.13,43.33,43.00,43.24,873000,43.06
2011-05-09,42.85,43.38,42.74,43.06,1327600,42.88
2011-05-06,43.45,43.61,42.89,42.91,1229900,42.73
2011-05-05,43.01,43.47,42.87,43.06,1680800,42.88
2011-05-04,42.97,43.28,42.74,43.24,2448400,43.06
2011-05-03,42.51,43.20,42.51,43.10,1432200,42.92
2011-05-02,42.49,42.88,42.46,42.54,1208300,42.36
2011-04-29,42.32,42.50,42.23,42.46,1325900,42.28
2011-04-28,42.45,42.64,42.24,42.46,1592900,42.28
2011-04-27,42.30,42.76,41.52,42.56,2662300,42.38
2011-04-26,42.26,42.66,41.99,42.40,2100000,42.22
2011-04-25,42.05,42.59,42.02,42.20,1416100,42.02
2011-04-21,43.33,43.64,41.75,42.20,5250500,42.02
2011-04-20,43.26,44.77,43.13,43.26,8507000,43.08
2011-04-19,40.00,40.48,39.95,40.45,1902000,40.28
2011-04-18,40.17,40.21,39.79,39.93,2079500,39.76
2011-04-15,40.65,40.85,40.39,40.50,1268200,40.33
2011-04-14,39.57,40.99,39.57,40.70,3175800,40.53
2011-04-13,40.28,40.30,39.46,39.60,4160800,39.44
2011-04-12,40.03,40.37,39.77,40.12,3665800,39.95
2011-04-11,40.44,40.78,40.17,40.25,2255300,40.08
2011-04-08,41.60,41.90,40.41,40.53,3044200,40.36
2011-04-07,42.32,42.48,41.46,41.50,1934200,41.33
2011-04-06,42.35,42.64,42.16,42.42,1553000,42.24
2011-04-05,42.27,43.29,42.21,42.74,2601600,42.56
2011-04-04,42.78,43.18,42.37,42.45,977500,42.27
2011-04-01,42.69,43.11,42.15,42.74,1342900,42.56
2011-03-31,42.11,42.87,41.88,42.55,1155900,42.37
2011-03-30,42.28,42.49,42.06,42.22,918100,42.04
2011-03-29,42.05,42.59,41.99,42.14,950300,41.97
2011-03-28,41.87,42.81,41.85,42.40,1196800,42.22
2011-03-25,42.53,42.60,41.69,41.82,1719700,41.65
2011-03-24,41.97,42.88,41.81,42.54,2349600,42.36
2011-03-23,41.73,42.39,41.42,41.91,1788000,41.74
2011-03-22,42.41,42.61,41.79,41.96,1823300,41.79
2011-03-21,42.85,42.85,42.14,42.40,774000,42.22
2011-03-18,42.69,43.00,42.43,42.54,1064400,42.36
2011-03-17,42.28,42.55,42.00,42.29,1136200,42.11
2011-03-16,42.63,42.63,41.35,41.82,2431500,41.65
2011-03-15,41.81,42.95,41.50,42.71,1890000,42.53
2011-03-14,42.96,43.16,42.25,42.60,957500,42.42
2011-03-11,43.00,43.76,43.00,43.23,1130200,43.05
2011-03-10,42.98,43.50,42.60,43.10,2107500,42.92
2011-03-09,43.63,44.10,43.16,43.24,890500,43.06
2011-03-08,43.07,44.11,42.78,43.65,956200,43.47
2011-03-07,43.64,43.85,42.65,42.85,763400,42.67
2011-03-04,43.82,43.95,42.94,43.36,1179900,43.18
2011-03-03,43.88,44.15,43.70,44.01,1327400,43.83
2011-03-02,43.42,44.16,43.42,43.72,1266300,43.54
2011-03-01,43.37,44.32,43.29,43.65,1564800,43.47
2011-02-28,43.61,43.73,43.14,43.32,925200,43.14
2011-02-25,43.30,43.96,43.14,43.49,1070400,43.31
2011-02-24,43.42,44.06,42.93,43.20,2008900,43.02
2011-02-23,42.65,43.88,42.51,43.35,2329400,43.17
2011-02-22,42.86,43.48,42.12,42.69,2070000,42.51
2011-02-18,44.99,45.20,42.81,43.28,4372000,43.10
2011-02-17,44.22,45.37,44.01,44.96,2799700,44.77
2011-02-16,44.83,45.15,44.12,44.39,4756500,44.21
2011-02-15,46.66,47.81,44.96,45.20,3571800,45.01
2011-02-14,47.84,48.24,47.45,48.15,1296300,47.95
2011-02-11,47.25,48.04,46.65,47.83,1016600,47.63
2011-02-10,46.99,47.58,46.60,47.41,1116900,47.21
2011-02-09,47.94,48.15,47.00,47.17,1299900,46.97
2011-02-08,48.25,48.55,47.83,48.24,428700,48.04
2011-02-07,47.96,48.25,47.66,48.22,1297500,48.02
2011-02-04,48.11,48.41,47.51,47.73,544500,47.53
2011-02-03,47.49,48.20,46.94,48.14,1512400,47.94
2011-02-02,48.30,48.77,47.50,47.51,952100,47.31
2011-02-01,47.80,48.50,47.80,48.34,1209300,48.14
2011-01-31,46.78,47.78,46.76,47.69,1024500,47.49
2011-01-28,47.09,47.37,46.65,46.77,1193300,46.58
2011-01-27,46.71,47.32,46.71,47.14,1605300,46.94
2011-01-26,46.89,47.19,46.71,46.91,994200,46.72
2011-01-25,46.07,47.36,45.90,46.94,1007600,46.75
2011-01-24,47.13,47.13,45.94,46.16,887600,45.97
2011-01-21,47.65,47.90,46.86,46.99,990600,46.80
2011-01-20,47.01,47.79,46.47,47.29,1473900,47.09
2011-01-19,48.75,48.78,46.95,47.01,1828600,46.81
2011-01-18,49.02,49.57,48.84,48.85,1345700,48.65
2011-01-14,47.19,49.02,47.19,49.01,2452600,48.81
2011-01-13,46.99,47.56,46.28,47.45,949200,47.25
2011-01-12,47.58,47.96,46.35,46.97,1688800,46.78
2011-01-11,46.92,47.72,46.87,47.31,1620400,47.11
2011-01-10,47.35,47.46,46.59,46.64,1224000,46.45
2011-01-07,47.26,47.75,47.07,47.57,1071500,47.37
2011-01-06,46.86,47.92,46.86,47.29,1604800,47.09
2011-01-05,46.24,46.84,46.14,46.74,1969900,46.55
2011-01-04,46.61,46.75,45.62,46.45,1815600,46.26
2011-01-03,47.54,47.54,46.15,46.35,1362000,46.16
2010-12-31,46.33,47.10,46.16,47.10,509300,46.90
2010-12-30,46.98,47.00,45.90,46.35,788700,46.16
2010-12-29,45.99,47.20,45.97,47.05,1021100,46.85
2010-12-28,46.26,46.34,45.58,45.84,845800,45.65
2010-12-27,45.48,46.76,45.36,46.23,1197100,46.04
2010-12-23,45.35,45.84,44.93,45.65,607700,45.46
2010-12-22,44.79,45.51,44.68,45.39,1606100,45.20
2010-12-21,44.19,45.04,44.04,44.94,1671100,44.75
2010-12-20,43.41,44.44,43.41,44.03,1634000,43.85
2010-12-17,43.31,43.98,43.31,43.57,1951100,43.39
2010-12-16,43.49,44.15,43.19,43.23,1407000,43.05
2010-12-15,43.48,43.57,43.06,43.37,1427400,43.19
2010-12-14,43.61,43.69,43.24,43.48,972500,43.30
2010-12-13,43.32,43.74,43.06,43.54,1390300,43.36
2010-12-10,43.24,43.50,42.55,43.25,902100,43.07
2010-12-09,42.65,43.41,42.06,43.27,1561100,43.09
2010-12-08,41.45,42.65,41.30,42.50,1328200,42.32
2010-12-07,41.98,42.29,41.29,41.35,1114200,41.18
2010-12-06,41.93,41.93,41.12,41.65,607500,41.48
2010-12-03,41.50,42.01,41.14,41.89,1273200,41.72
2010-12-02,39.81,41.90,39.80,41.69,2723300,41.52
2010-12-01,40.00,40.08,39.51,39.75,1177300,39.59
2010-11-30,39.55,40.27,39.34,39.46,862200,39.30
2010-11-29,39.84,40.18,39.23,39.51,1659000,39.35
2010-11-26,40.20,40.32,39.88,39.89,237700,39.72
2010-11-24,40.39,40.70,40.05,40.44,642400,40.27
2010-11-23,40.40,40.57,40.00,40.01,616200,39.84
2010-11-22,41.38,41.68,40.62,40.74,784600,40.57
2010-11-19,40.95,41.56,40.33,41.55,617000,41.38
2010-11-18,41.29,41.65,40.99,41.09,704600,40.92
2010-11-17,41.18,41.78,40.81,40.83,928000,40.66
2010-11-16,42.56,42.56,40.99,41.17,1011700,41.00
2010-11-15,41.40,42.90,41.33,42.81,1221600,42.63
2010-11-12,41.56,41.61,40.23,41.34,1243100,41.17
2010-11-11,42.63,43.29,41.29,41.70,2505500,41.53
2010-11-10,43.55,43.68,42.22,42.94,1785200,42.76
2010-11-09,43.02,44.00,43.02,43.70,1937000,43.52
2010-11-08,43.37,43.74,42.11,42.87,1427400,42.69
2010-11-05,43.16,43.94,43.16,43.46,1153800,43.28
2010-11-04,43.22,43.33,42.85,43.23,1724100,43.05
2010-11-03,43.36,43.54,42.70,42.85,1028000,42.67
2010-11-02,43.39,43.48,42.80,43.26,666400,43.08
2010-11-01,43.49,43.99,42.65,43.00,991400,42.82
2010-10-29,43.58,44.02,43.09,43.33,1098700,43.15
2010-10-28,43.82,44.10,43.08,43.70,1731900,43.52
2010-10-27,42.40,43.95,42.07,43.83,1818100,43.65
2010-10-26,40.96,43.50,40.96,42.85,4587200,42.67
2010-10-25,40.59,40.96,40.51,40.58,1442800,40.41
2010-10-22,40.47,41.00,40.27,40.38,1778400,40.21
2010-10-21,40.59,41.12,40.17,40.40,855900,40.23
2010-10-20,40.41,40.82,40.24,40.49,1838900,40.32
2010-10-19,40.87,41.18,40.08,40.37,1569200,40.20
2010-10-18,41.35,41.64,40.96,41.34,1115100,41.17
2010-10-15,41.75,41.77,41.24,41.30,1088900,41.13
2010-10-14,41.53,41.92,41.32,41.64,1268700,41.47
2010-10-13,41.54,41.96,41.37,41.65,1467000,41.48
2010-10-12,41.00,41.58,40.80,41.39,1560000,41.22
2010-10-11,41.64,41.86,40.69,41.00,2024400,40.83
2010-10-08,40.60,40.94,40.60,40.79,1268600,40.62
2010-10-07,40.93,40.99,40.66,40.71,1408700,40.54
2010-10-06,40.72,40.98,40.61,40.79,1746900,40.62
2010-10-05,40.50,40.90,40.36,40.71,1322300,40.54
2010-10-04,40.58,40.77,39.72,40.22,1119400,40.05
2010-10-01,41.00,41.09,40.25,40.57,1386200,40.40
2010-09-30,40.94,41.23,40.62,40.82,1640500,40.65
2010-09-29,40.49,41.02,40.39,40.77,2111100,40.60
2010-09-28,40.70,40.86,40.22,40.53,1523900,40.36
2010-09-27,40.35,40.83,40.12,40.58,1577600,40.41
2010-09-24,39.58,40.27,39.41,40.26,2021000,40.09
2010-09-23,38.87,39.73,38.51,39.23,931400,39.07
2010-09-22,39.39,39.53,38.97,39.08,1231100,38.92
2010-09-21,39.52,40.19,39.15,39.47,1961600,39.31
2010-09-20,39.26,39.47,38.25,39.44,907400,39.28
2010-09-17,39.49,39.50,39.00,39.27,1507800,39.11
2010-09-16,38.85,39.28,38.54,39.13,823500,38.97
2010-09-15,39.16,39.32,38.76,39.09,707500,38.93
2010-09-14,39.06,39.50,38.50,39.20,1944400,39.04
2010-09-13,39.50,39.50,38.84,39.00,1084500,38.84
2010-09-10,38.75,39.40,38.37,38.97,1195900,38.81
2010-09-09,37.70,38.83,37.43,38.61,1946700,38.45
2010-09-08,37.93,38.05,36.98,37.25,1265200,37.10
2010-09-07,38.68,38.75,37.74,37.82,686600,37.66
2010-09-03,38.79,38.91,38.28,38.74,670500,38.58
2010-09-02,38.01,38.52,37.89,38.48,1598600,38.32
2010-09-01,37.33,38.25,36.98,38.09,1704400,37.93
2010-08-31,36.67,37.04,36.33,36.68,909500,36.53
2010-08-30,37.01,37.47,36.76,36.77,1237400,36.62
2010-08-27,36.57,37.12,36.17,37.07,1786500,36.92
2010-08-26,36.45,37.53,36.20,36.41,1571500,36.26
2010-08-25,36.19,36.66,35.83,36.50,1571800,36.35
2010-08-24,37.18,37.42,36.22,36.23,1754000,36.08
2010-08-23,38.05,38.23,37.65,37.76,394400,37.60
2010-08-20,38.25,38.31,37.71,38.04,1204800,37.88
2010-08-19,38.88,38.88,38.14,38.22,2202300,38.06
2010-08-18,37.64,39.04,37.54,38.88,2067400,38.72
2010-08-17,37.82,38.09,37.50,37.60,1835500,37.44
2010-08-16,36.95,37.69,36.95,37.60,1679900,37.44
2010-08-13,37.57,37.64,37.00,37.31,711400,37.16
2010-08-12,36.13,37.55,36.10,37.50,3437100,37.34
2010-08-11,36.23,36.93,36.08,36.54,1404900,36.39
2010-08-10,37.13,37.31,36.86,37.07,1129700,36.92
2010-08-09,37.69,37.69,37.12,37.40,653600,37.24
2010-08-06,36.96,37.46,36.82,37.38,638200,37.22
2010-08-05,37.41,37.64,37.19,37.35,916200,37.20
2010-08-04,36.65,37.52,36.65,37.44,1604200,37.28
2010-08-03,37.06,37.31,36.65,36.67,922700,36.52
2010-08-02,36.96,37.38,36.08,37.32,1566200,37.17
2010-07-30,35.98,36.61,35.67,36.36,1826200,36.21
2010-07-29,37.37,37.72,35.93,36.50,2221100,36.35
2010-07-28,37.80,38.22,36.91,37.31,2112800,37.16
2010-07-27,39.01,39.66,37.66,38.16,3660900,38.00
2010-07-26,37.63,39.07,37.52,39.00,2596700,38.84
2010-07-23,36.99,37.82,36.94,37.76,1133800,37.60
2010-07-22,37.14,37.58,36.90,37.20,1886300,37.05
2010-07-21,36.70,37.25,36.17,36.83,1983000,36.68
2010-07-20,35.25,36.63,34.85,36.59,2096200,36.44
2010-07-19,37.00,37.00,35.32,35.68,1757400,35.53
2010-07-16,36.81,37.13,36.20,36.80,1664200,36.65
2010-07-15,37.35,37.42,36.25,36.99,1449000,36.84
2010-07-14,36.84,37.28,36.67,37.26,1207700,37.11
2010-07-13,37.59,37.59,36.80,37.04,1979600,36.89
2010-07-12,36.93,37.24,36.60,36.98,979800,36.83
2010-07-09,36.00,37.25,35.74,36.99,1356600,36.84
2010-07-08,35.95,36.21,35.31,36.05,1234600,35.90
2010-07-07,35.26,35.82,34.83,35.65,1813800,35.50
2010-07-06,34.78,35.39,34.56,34.92,1590100,34.78
2010-07-02,33.55,34.59,33.18,34.40,2360300,34.26
2010-07-01,34.03,34.08,32.78,33.26,3570400,33.12
2010-06-30,33.93,34.27,33.44,33.86,1738900,33.72
2010-06-29,34.59,34.90,33.43,33.81,3192000,33.67
2010-06-28,35.21,35.64,35.12,35.33,1414600,35.18
2010-06-25,36.00,36.28,34.66,35.49,13797100,35.34
2010-06-24,36.70,37.00,35.60,35.72,3094500,35.57
2010-06-23,37.92,38.27,36.53,36.60,2786900,36.45
2010-06-22,38.04,38.28,37.37,37.50,1727500,37.34
2010-06-21,38.20,38.69,37.74,38.05,1744800,37.89
2010-06-18,37.89,38.07,37.76,37.76,1871300,37.60
2010-06-17,38.09,38.13,37.54,38.00,975700,37.84
2010-06-16,37.84,38.35,37.52,38.00,1031500,37.84
2010-06-15,37.53,38.40,37.18,38.30,1479600,38.14
2010-06-14,38.14,38.14,36.99,37.11,1131300,36.96
2010-06-11,36.15,38.02,36.15,38.01,1641200,37.85
2010-06-10,36.23,36.75,35.27,36.69,1429300,36.54
2010-06-09,35.65,36.25,35.06,35.47,1884500,35.32
2010-06-08,35.43,36.07,34.66,35.25,2090000,35.10
2010-06-07,36.31,36.83,34.94,35.09,967000,34.94
2010-06-04,36.26,37.33,35.50,35.94,1298600,35.79
2010-06-03,37.16,37.84,36.86,37.00,1182900,36.85
2010-06-02,36.19,37.39,36.05,37.26,1463900,37.11
2010-06-01,36.71,37.44,36.07,36.20,876900,36.05
2010-05-28,37.24,37.84,36.72,36.79,1572800,36.64
2010-05-27,37.34,37.72,36.47,37.24,2184200,37.09
2010-05-26,36.46,37.42,36.17,36.60,13149500,36.45
2010-05-25,34.81,36.12,32.92,35.87,4515800,35.72
2010-05-24,35.25,37.03,35.25,36.14,3327800,35.99
2010-05-21,34.71,36.12,34.26,35.45,3973700,35.30
2010-05-20,35.92,36.15,34.20,34.88,3528100,34.74
2010-05-19,36.82,37.13,35.97,36.67,2929000,36.52
2010-05-18,37.93,38.39,36.39,37.16,3240300,37.01
2010-05-17,38.34,38.62,36.00,37.01,3248400,36.86
2010-05-14,38.82,39.28,37.51,38.35,2117500,38.19
2010-05-13,39.16,39.98,39.16,39.39,2285500,39.23
2010-05-12,39.00,39.81,38.35,39.48,3767900,39.32
2010-05-11,37.90,39.05,37.88,38.58,1847900,38.42
2010-05-10,36.89,39.45,36.81,38.57,3227000,38.41
2010-05-07,36.52,36.52,33.36,35.70,5841000,35.55
2010-05-06,38.14,38.36,30.00,35.80,9948300,35.65
2010-05-05,40.12,40.18,37.53,38.03,3914400,37.87
2010-05-04,41.04,41.22,40.06,40.18,1757900,40.01
2010-05-03,41.17,41.95,40.78,41.75,1402200,41.58
2010-04-30,40.61,41.26,40.37,40.60,1454200,40.43
2010-04-29,41.13,41.15,40.02,40.77,1646300,40.60
2010-04-28,40.12,40.98,40.07,40.78,1825400,40.61
2010-04-27,41.10,42.94,39.18,39.98,5841800,39.81
2010-04-26,39.65,40.80,39.59,40.70,3800400,40.53
2010-04-23,39.54,39.86,39.35,39.79,2031100,39.62
2010-04-22,39.23,39.90,38.40,39.80,1626000,39.63
2010-04-21,38.76,39.25,38.40,39.10,1151000,38.94
2010-04-20,39.14,39.59,38.58,38.76,1269500,38.60
2010-04-19,38.89,39.45,38.14,38.95,2055400,38.79
2010-04-16,39.92,39.92,38.89,39.19,2473800,39.03
2010-04-15,39.97,40.51,39.75,39.95,2660300,39.78
2010-04-14,39.71,40.04,39.47,39.80,2237900,39.63
2010-04-13,39.04,39.45,38.92,39.30,875700,39.14
2010-04-12,39.78,39.99,38.86,39.04,697200,38.88
2010-04-09,39.41,39.96,39.28,39.74,646500,39.58
2010-04-08,38.90,40.00,38.61,39.46,1583200,39.30
2010-04-07,38.73,39.16,38.70,38.92,1293000,38.76
2010-04-06,38.75,39.04,38.59,38.98,1458700,38.82
2010-04-05,38.88,39.14,38.66,38.75,1453400,38.59
2010-04-01,39.24,39.24,38.75,39.00,1149400,38.84
2010-03-31,38.72,39.03,38.51,38.96,1758200,38.80
2010-03-30,38.76,39.06,38.74,38.90,1028000,38.74
2010-03-29,39.42,39.50,38.56,38.98,1155000,38.82
2010-03-26,39.34,39.40,38.57,39.00,1835900,38.84
2010-03-25,39.49,39.80,38.51,39.01,1536100,38.85
2010-03-24,38.68,39.41,38.39,39.23,3003300,39.07
2010-03-23,38.00,39.20,37.89,38.99,2264200,38.83
2010-03-22,38.11,38.73,37.89,38.16,2738700,38.00
2010-03-19,37.67,38.18,37.50,38.14,3552000,37.98
2010-03-18,37.98,38.16,37.28,37.54,2357600,37.38
2010-03-17,37.65,38.23,37.23,37.87,5974100,37.71
2010-03-16,36.77,37.88,36.07,36.29,1437300,36.14
2010-03-15,36.70,36.89,36.51,36.81,759800,36.66
2010-03-12,37.00,37.20,36.67,36.95,1588000,36.80
2010-03-11,36.37,37.33,36.04,37.03,2585100,36.88
2010-03-10,35.99,37.39,35.78,36.59,5213300,36.44
2010-03-09,35.83,36.41,35.25,36.01,1810500,35.86
2010-03-08,35.68,36.32,35.62,36.08,1859300,35.93
2010-03-05,35.70,36.15,35.23,35.99,1006800,35.84
2010-03-04,35.94,36.02,35.02,35.40,1105700,35.25
2010-03-03,36.25,37.00,35.31,35.72,1644100,35.57
2010-03-02,35.77,36.79,35.50,36.34,1888000,36.19
2010-03-01,36.37,37.75,36.08,36.55,2665900,36.40
2010-02-26,35.08,36.97,34.92,36.43,4942600,36.28
2010-02-25,33.42,35.68,32.86,35.00,4078100,34.85
2010-02-24,33.70,33.88,32.58,33.73,1601300,33.59
2010-02-23,33.45,33.74,32.95,33.32,2233300,33.18
2010-02-22,32.90,33.48,32.63,33.01,2091800,32.87
2010-02-19,32.33,32.90,32.31,32.62,825500,32.48
2010-02-18,32.82,33.00,32.36,32.56,2623200,32.42
2010-02-17,32.55,33.45,32.47,32.74,1809200,32.60
2010-02-16,32.49,32.96,32.25,32.38,1591500,32.25
2010-02-12,31.47,32.45,31.14,32.25,1194500,32.12
2010-02-11,31.99,32.21,31.52,31.84,914500,31.71
2010-02-10,31.30,32.10,31.23,32.01,2358200,31.88
2010-02-09,30.81,31.53,30.25,31.41,2499900,31.28
2010-02-08,31.76,32.25,30.04,30.61,9274100,30.48
2010-02-05,30.25,31.19,29.37,30.75,3196000,30.62
2010-02-04,31.08,31.22,29.75,30.45,2196300,30.32
2010-02-03,30.76,31.74,30.76,31.34,1188000,31.21
2010-02-02,31.35,31.88,30.50,30.78,615300,30.65
2010-02-01,32.04,32.36,30.31,31.35,1365500,31.22
2010-01-29,31.67,32.17,31.18,31.82,1940300,31.69
2010-01-28,32.50,32.68,31.11,31.48,1340000,31.35
2010-01-27,32.13,33.06,31.83,32.13,528200,32.00
2010-01-26,32.12,32.78,32.09,32.47,2241800,32.34
2010-01-25,32.30,32.75,32.00,32.41,1927600,32.28
2010-01-22,32.62,33.56,32.39,32.65,1852400,32.51
2010-01-21,32.71,33.30,32.61,32.82,4685400,32.68
2010-01-20,32.71,33.33,32.56,32.91,3388600,32.77
2010-01-19,32.34,33.33,32.29,32.64,3178700,32.50
2010-01-15,32.26,32.78,31.53,32.02,1274600,31.89
2010-01-14,32.69,33.55,32.28,32.44,1623000,32.31
2010-01-13,33.31,33.31,31.89,32.76,2656600,32.62
2010-01-12,33.15,35.00,32.36,33.55,4707900,33.41
2010-01-11,32.57,34.08,32.03,33.79,4503000,33.65
2010-01-08,31.80,33.42,31.19,32.25,3729100,32.12
2010-01-07,31.99,32.17,31.06,31.77,3596900,31.64
2010-01-06,29.66,32.14,29.52,31.74,5184300,31.61
2010-01-05,28.31,29.87,28.12,29.78,2738100,29.66
2010-01-04,27.91,28.78,27.58,28.37,1809900,28.25
2009-12-31,27.74,27.74,27.55,27.61,237000,27.50
2009-12-30,27.63,27.76,27.43,27.70,1632600,27.59
2009-12-29,28.34,28.47,27.25,27.76,1086800,27.64
2009-12-28,28.91,29.04,28.02,28.22,798800,28.10
2009-12-24,28.92,29.00,28.66,28.85,252100,28.73
2009-12-23,28.81,29.45,28.16,28.87,2431000,28.75
2009-12-22,28.54,28.75,28.22,28.61,3489200,28.49
2009-12-21,27.84,29.17,27.57,28.23,7093100,28.11
2009-12-18,26.42,27.50,26.14,27.50,10441400,27.39
2009-12-17,25.81,26.43,25.67,26.04,7099200,25.93
2009-12-16,26.27,26.54,24.83,26.21,11923400,26.10
2009-12-15,28.02,28.30,26.11,26.20,6196800,26.09
2009-12-14,29.62,30.00,28.11,28.50,4643300,28.38
2009-12-11,28.93,30.00,28.80,29.64,7513900,29.52
2009-12-10,27.00,30.66,25.50,28.99,17222400,28.87
