Date,Open,High,Low,Close,Volume,Adj Close
2014-03-28,79.68,81.55,79.68,80.61,4065200,80.61
2014-03-27,79.40,79.68,78.15,78.48,3870200,78.48
2014-03-26,81.36,81.80,79.67,79.86,2744300,79.86
2014-03-25,80.36,81.61,80.16,80.73,2503700,80.73
2014-03-24,80.34,80.90,79.04,80.10,2730200,80.10
2014-03-21,81.57,82.55,79.96,80.10,5442600,80.10
2014-03-20,78.63,81.54,78.49,80.72,6072600,80.72
2014-03-19,77.90,79.51,77.36,78.79,4970100,78.79
2014-03-18,74.94,78.27,74.73,77.82,4814000,77.82
2014-03-17,73.41,75.10,73.41,74.74,2393100,74.74
2014-03-14,73.46,74.09,73.03,73.28,3122700,73.28
2014-03-13,75.14,75.45,73.19,73.63,3389300,73.63
2014-03-12,74.54,75.07,74.09,75.01,2114500,75.01
2014-03-11,75.15,75.70,74.67,74.84,2756700,74.84
2014-03-10,74.23,74.89,73.92,74.44,2404900,74.44
2014-03-07,75.75,75.81,73.86,74.41,3491100,74.41
2014-03-06,76.69,76.89,74.81,75.45,3829400,75.45
2014-03-05,76.40,77.17,76.12,76.49,2255700,76.49
2014-03-04,75.97,76.65,75.72,76.26,3568000,76.26
2014-03-03,73.65,75.84,73.52,75.12,3572500,75.12
2014-02-28,75.81,75.81,73.46,74.30,6061700,74.30
2014-02-27,76.17,76.31,75.28,76.28,2979200,76.28
2014-02-26,75.86,77.00,75.82,76.54,2869000,76.54
2014-02-25,75.49,76.46,75.12,75.85,2834100,75.85
2014-02-24,74.92,76.49,74.92,75.81,3771600,75.81
2014-02-21,75.50,75.60,74.16,74.80,3194200,74.80
2014-02-20,74.31,75.50,73.89,75.31,3479800,75.31
2014-02-19,74.31,75.44,73.98,74.53,3432600,74.53
2014-02-18,74.48,75.01,73.88,74.59,3410400,74.59
2014-02-14,74.44,75.00,74.06,74.59,3068700,74.59
2014-02-13,71.61,75.00,71.45,74.40,5602400,74.40
2014-02-12,72.53,72.84,72.02,72.08,3484100,72.08
2014-02-11,71.97,72.89,71.91,72.29,4455600,72.29
2014-02-10,71.41,72.66,71.20,71.67,2841500,71.67
2014-02-07,70.38,71.70,69.61,71.61,3985500,71.61
2014-02-06,68.97,70.47,68.86,70.24,2987200,70.24
2014-02-05,67.86,68.95,66.80,68.78,5248200,68.78
2014-02-04,67.91,68.58,67.50,68.24,4723000,68.24
2014-02-03,69.46,69.55,67.17,67.39,5126200,67.39
2014-01-31,69.68,70.23,69.30,69.55,4555700,69.55
2014-01-30,69.64,71.02,69.20,70.23,4119600,70.23
2014-01-29,68.98,70.07,68.72,69.05,3886400,68.83
2014-01-28,68.87,69.99,68.69,69.60,4405200,69.37
2014-01-27,69.92,70.41,68.46,69.54,4127000,69.31
2014-01-24,71.78,72.52,69.42,69.48,6566100,69.25
2014-01-23,70.25,72.15,69.30,72.02,9932100,71.79
2014-01-22,72.31,72.35,71.35,72.19,5943900,71.95
2014-01-21,71.92,72.71,71.03,71.89,6452900,71.66
2014-01-17,73.05,74.14,72.80,73.69,5035400,73.45
2014-01-16,72.78,73.68,72.36,73.07,2902000,72.83
2014-01-15,72.18,73.20,71.52,72.46,3922000,72.22
2014-01-14,71.11,72.52,70.92,72.25,3634600,72.01
2014-01-13,72.51,73.43,71.05,71.18,3276500,70.95
2014-01-10,72.69,72.95,71.23,72.60,3263500,72.36
2014-01-09,73.45,73.81,71.93,72.66,3475400,72.42
2014-01-08,69.77,73.92,69.61,73.45,9636400,73.21
2014-01-07,68.63,69.74,68.13,69.28,4103100,69.05
2014-01-06,68.89,69.13,68.01,68.35,2709600,68.13
2014-01-03,69.51,69.56,68.43,68.86,2288500,68.64
2014-01-02,70.02,70.34,69.02,69.38,3046400,69.15
2013-12-31,70.28,70.80,70.01,70.54,1889900,70.31
2013-12-30,70.28,70.46,69.74,70.07,1280100,69.84
2013-12-27,70.64,70.69,69.81,70.24,1453200,70.01
2013-12-26,70.33,70.82,70.25,70.49,1162200,70.26
2013-12-24,70.12,70.73,69.59,70.34,1081700,70.11
2013-12-23,69.92,70.66,69.26,70.26,2630900,70.03
2013-12-20,68.72,70.00,68.66,69.51,5160000,69.28
2013-12-19,68.63,68.95,68.02,68.66,2688600,68.44
2013-12-18,67.99,68.85,66.89,68.77,3616200,68.55
2013-12-17,67.32,68.50,67.04,68.12,3596700,67.90
2013-12-16,66.88,67.49,66.52,66.97,4130600,66.75
2013-12-13,66.05,66.95,65.73,66.27,4278300,66.05
2013-12-12,66.17,66.35,64.50,65.58,6417100,65.37
2013-12-11,68.53,68.80,67.33,67.37,3214700,67.15
2013-12-10,68.78,69.82,68.55,68.96,2660200,68.74
2013-12-09,68.29,69.40,68.04,69.07,4354200,68.84
2013-12-06,67.42,68.05,67.31,67.97,2872900,67.75
2013-12-05,67.42,67.83,66.75,66.86,3314200,66.64
2013-12-04,67.74,68.34,66.76,67.40,3785300,67.18
2013-12-03,67.86,68.35,67.43,67.90,3337500,67.68
2013-12-02,67.81,68.71,67.43,68.24,2942200,68.02
2013-11-29,67.79,68.61,67.05,68.15,2313400,67.93
2013-11-27,67.47,68.29,67.11,67.88,3622700,67.66
2013-11-26,66.00,67.20,65.47,67.02,4277800,66.80
2013-11-25,67.36,67.40,65.78,65.85,5115300,65.64
2013-11-22,67.57,67.73,66.84,67.40,2659400,67.18
2013-11-21,66.41,67.67,65.42,67.40,5134400,67.18
2013-11-20,67.94,67.99,66.14,66.25,4803100,66.03
2013-11-19,68.64,68.90,67.56,67.81,4161400,67.59
2013-11-18,69.95,70.03,68.38,68.66,3281100,68.44
2013-11-15,70.53,70.53,69.31,70.05,2882200,69.82
2013-11-14,69.59,70.49,69.01,70.16,3724200,69.93
2013-11-13,69.05,69.91,68.57,69.90,3391100,69.67
2013-11-12,68.57,69.87,68.57,69.09,5546800,68.86
2013-11-11,67.81,69.25,67.75,68.95,3122000,68.73
2013-11-08,66.80,68.28,66.80,68.05,4933100,67.83
2013-11-07,68.35,68.48,66.71,66.90,4678800,66.68
2013-11-06,69.26,69.26,67.28,68.12,3944500,67.90
2013-11-05,69.08,69.71,68.71,68.98,2911600,68.76
2013-11-04,69.24,69.85,69.06,69.78,2704700,69.55
2013-11-01,69.52,69.67,68.32,68.97,5902600,68.75
2013-10-31,69.65,70.28,69.08,69.50,4089600,69.27
2013-10-30,69.98,70.33,69.31,69.86,4785400,69.41
2013-10-29,70.44,70.93,69.79,70.80,5538900,70.34
2013-10-28,69.32,70.22,69.13,70.22,3916900,69.77
2013-10-25,69.56,70.00,68.47,69.02,4377100,68.57
2013-10-24,69.31,69.71,68.70,69.41,13257300,68.96
2013-10-23,68.45,68.95,66.91,68.24,8533200,67.80
2013-10-22,69.91,70.49,68.44,69.32,4189500,68.87
2013-10-21,68.21,69.85,68.07,69.71,4328600,69.26
2013-10-18,68.58,69.15,67.50,68.73,5603400,68.29
2013-10-17,64.80,68.55,64.55,68.50,13676800,68.06
2013-10-16,63.04,63.68,62.31,62.94,5584600,62.53
2013-10-15,62.96,63.25,62.40,62.69,2604700,62.28
2013-10-14,61.73,63.20,61.56,63.03,2795900,62.62
2013-10-11,61.75,62.97,61.03,62.17,4111800,61.77
2013-10-10,62.00,62.55,61.69,62.26,2772000,61.86
2013-10-09,61.32,61.77,59.97,61.48,3719200,61.08
2013-10-08,62.40,62.47,60.79,61.16,2931200,60.76
2013-10-07,62.36,62.99,62.18,62.28,2667200,61.88
2013-10-04,61.67,63.39,61.55,62.69,4534000,62.28
2013-10-03,61.40,61.79,60.50,61.54,3390500,61.14
2013-10-02,59.87,61.94,59.65,61.48,4605700,61.08
2013-10-01,59.60,60.15,59.16,60.07,3058900,59.68
2013-09-30,59.05,59.54,58.58,59.51,3026800,59.13
2013-09-27,59.76,60.50,59.48,59.94,2069600,59.55
2013-09-26,60.62,60.95,59.92,60.07,2089300,59.68
2013-09-25,60.02,60.72,59.70,60.29,2177700,59.90
2013-09-24,59.62,60.61,59.27,60.10,2372300,59.71
2013-09-23,60.01,60.10,58.57,59.44,2520500,59.06
2013-09-20,59.95,60.51,59.21,59.55,3842800,59.16
2013-09-19,60.60,60.67,59.67,60.02,2993500,59.63
2013-09-18,60.67,60.88,60.10,60.34,3058400,59.95
2013-09-17,60.54,60.90,60.23,60.45,2737600,60.06
2013-09-16,61.47,61.77,60.47,60.65,3380700,60.26
2013-09-13,60.68,61.55,60.45,60.87,3702800,60.48
2013-09-12,60.48,60.63,59.65,60.08,2559900,59.69
2013-09-11,59.87,60.83,59.41,60.69,3075800,60.30
2013-09-10,59.90,60.90,59.59,60.48,4644700,60.09
2013-09-09,58.29,59.49,57.80,59.31,3537200,58.93
2013-09-06,58.07,59.13,57.46,58.34,5042100,57.96
2013-09-05,57.05,58.31,57.04,57.97,3520500,57.60
2013-09-04,56.84,58.49,56.16,57.14,8283800,56.77
2013-09-03,55.91,56.10,55.15,55.31,3553400,54.95
2013-08-30,55.90,55.90,54.91,55.18,3827800,54.82
2013-08-29,55.07,56.23,55.00,55.85,3243800,55.49
2013-08-28,54.10,55.34,53.91,55.02,2827700,54.66
2013-08-27,56.21,56.21,53.80,54.03,5314800,53.68
2013-08-26,56.84,56.95,56.09,56.64,2313100,56.27
2013-08-23,56.98,57.78,56.34,56.82,3279300,56.45
2013-08-22,56.27,57.43,56.20,57.06,2004800,56.69
2013-08-21,55.38,56.28,55.30,56.03,3190800,55.67
2013-08-20,55.19,55.82,54.78,55.64,2616700,55.28
2013-08-19,55.29,55.47,54.36,55.20,5614600,54.84
2013-08-16,55.85,56.34,55.29,55.81,4017100,55.45
2013-08-15,57.04,57.17,55.82,55.94,4463200,55.58
2013-08-14,58.15,58.59,57.83,57.86,2586800,57.49
2013-08-13,57.58,58.55,56.90,58.38,3710900,58.00
2013-08-12,57.80,58.04,57.17,57.18,3312200,56.81
2013-08-09,58.23,58.51,57.68,58.01,3361200,57.63
2013-08-08,56.95,58.34,56.79,58.15,5712800,57.77
2013-08-07,57.66,58.23,56.70,57.03,5073900,56.44
2013-08-06,57.22,58.05,56.81,57.76,4876800,57.16
2013-08-05,58.23,58.46,56.83,57.42,6350100,56.82
2013-08-02,58.14,59.34,57.70,58.30,8077800,57.69
2013-08-01,58.00,59.10,57.05,58.42,12651500,57.81
2013-07-31,54.47,55.64,54.24,55.12,8164900,54.55
2013-07-30,53.78,54.60,53.09,54.53,16649000,53.96
2013-07-29,57.00,57.12,55.24,55.40,10373400,54.82
2013-07-26,60.00,60.10,56.60,57.00,10400900,56.41
2013-07-25,60.16,60.72,58.85,60.54,6034700,59.91
2013-07-24,62.66,62.98,60.55,60.73,5181400,60.10
2013-07-23,63.41,63.44,62.00,62.18,4657900,61.53
2013-07-22,63.03,63.97,62.56,63.45,4980600,62.79
2013-07-19,61.15,63.14,61.00,62.71,6824200,62.06
2013-07-18,61.39,62.05,59.28,61.20,15646000,60.56
2013-07-17,59.65,60.00,58.88,59.44,5834000,58.82
2013-07-16,61.12,61.28,59.40,59.50,4991900,58.88
2013-07-15,61.07,61.42,60.90,61.30,2658000,60.66
2013-07-12,60.89,61.21,60.25,60.90,2153700,60.27
2013-07-11,60.67,61.01,60.01,60.78,2835000,60.15
2013-07-10,59.53,59.85,58.74,59.83,3882300,59.21
2013-07-09,60.56,60.72,59.16,59.78,3862800,59.16
2013-07-08,62.32,62.59,59.78,60.02,4423600,59.40
2013-07-05,61.76,62.20,61.05,61.84,1934000,61.20
2013-07-03,61.22,61.99,61.09,61.41,1463100,60.77
2013-07-02,60.75,61.69,60.00,61.59,3006900,60.95
2013-07-01,61.71,62.85,61.28,61.42,2870500,60.78
2013-06-28,60.28,61.50,59.87,61.10,4666300,60.47
2013-06-27,59.84,60.87,59.60,60.47,2516900,59.84
2013-06-26,58.79,59.82,58.73,59.35,3516200,58.73
2013-06-25,58.18,58.84,57.61,58.34,3175800,57.73
2013-06-24,58.28,58.71,57.11,57.70,3337900,57.10
2013-06-21,59.64,60.17,57.83,58.86,5152000,58.25
2013-06-20,60.95,61.45,58.94,59.38,4636600,58.76
2013-06-19,63.16,63.73,61.48,61.56,3555500,60.92
2013-06-18,61.36,63.27,61.03,63.04,5470600,62.39
2013-06-17,59.28,61.70,59.10,61.23,5633200,60.59
2013-06-14,59.42,59.70,58.72,58.81,1785100,58.20
2013-06-13,58.60,59.67,58.01,59.42,2262600,58.80
2013-06-12,59.71,60.17,58.76,58.93,1919200,58.32
2013-06-11,59.10,60.75,58.74,59.27,3269800,58.65
2013-06-10,58.54,59.94,58.15,59.83,3794800,59.21
2013-06-07,58.77,58.98,57.83,58.31,3108000,57.70
2013-06-06,57.64,58.52,57.38,58.50,2902600,57.89
2013-06-05,57.76,57.92,56.82,57.50,4060500,56.90
2013-06-04,58.88,59.03,57.53,58.14,2954000,57.54
2013-06-03,59.25,59.73,57.90,58.76,2787200,58.15
2013-05-31,59.58,60.22,59.02,59.02,3009900,58.41
2013-05-30,58.55,60.28,58.33,59.89,4723300,59.27
2013-05-29,57.36,58.44,57.30,58.31,2111100,57.70
2013-05-28,58.41,58.51,57.56,57.84,2219900,57.24
2013-05-24,57.55,58.03,56.79,58.01,3245400,57.41
2013-05-23,57.15,58.39,56.26,57.83,4667300,57.23
2013-05-22,57.85,59.43,57.49,57.90,3679200,57.30
2013-05-21,58.47,58.93,57.27,58.25,3225500,57.64
2013-05-20,59.02,59.61,58.23,58.47,3794800,57.86
2013-05-17,59.02,59.96,58.33,59.90,3707300,59.28
2013-05-16,58.78,59.76,58.41,58.52,3511800,57.91
2013-05-15,58.14,59.35,58.13,59.01,3729300,58.40
2013-05-14,57.73,58.56,57.23,58.49,3270200,57.88
2013-05-13,56.89,57.96,56.59,57.90,3441000,57.30
2013-05-10,56.81,57.90,56.80,57.23,4157600,56.64
2013-05-09,55.25,56.86,55.20,56.65,5317200,56.06
2013-05-08,55.51,56.27,54.16,55.24,6660900,54.67
2013-05-07,54.84,55.91,54.44,55.42,3934700,54.84
2013-05-06,53.86,54.69,53.55,54.60,2873400,54.03
2013-05-03,53.05,54.81,53.01,53.88,4954000,53.32
2013-05-02,51.38,52.79,51.20,52.61,4973600,52.06
2013-05-01,52.43,52.49,50.90,51.18,6635600,50.65
2013-04-30,54.05,54.16,51.90,52.44,6129500,51.90
2013-04-29,53.94,54.50,53.52,54.17,2946400,53.61
2013-04-26,53.71,54.36,53.38,53.90,2986200,53.34
2013-04-25,54.33,54.48,53.48,53.69,5166900,53.13
2013-04-24,53.91,54.47,53.13,54.26,3713000,53.70
2013-04-23,52.58,53.87,52.58,53.42,5499500,52.87
2013-04-22,52.35,52.53,50.68,52.13,5612100,51.59
2013-04-19,51.93,52.90,51.62,52.31,5355900,51.77
2013-04-18,56.61,57.33,51.41,52.02,16458200,51.48
2013-04-17,57.12,57.13,54.50,55.72,11199300,55.14
2013-04-16,56.60,57.82,56.40,57.49,4084400,56.89
2013-04-15,57.70,58.22,55.81,55.99,5013200,55.41
2013-04-12,58.90,58.92,57.45,57.71,2915900,57.11
2013-04-11,58.31,58.75,57.48,58.62,3119500,58.01
2013-04-10,56.54,58.58,56.54,58.32,5463300,57.71
2013-04-09,56.00,56.54,55.30,56.31,3061700,55.73
2013-04-08,54.76,55.87,54.76,55.59,3464200,55.01
2013-04-05,54.11,55.00,53.82,54.76,3433700,54.19
2013-04-04,53.61,54.90,53.61,54.78,3202400,54.21
2013-04-03,54.33,54.93,53.46,53.65,3532600,53.09
2013-04-02,54.93,55.68,54.10,54.42,3425000,53.85
2013-04-01,55.00,55.52,54.42,54.55,2907200,53.98
2013-03-28,55.00,55.14,54.39,54.96,3112500,54.39
2013-03-27,55.08,55.23,54.61,54.98,2645200,54.41
2013-03-26,55.47,55.79,55.05,55.27,2763700,54.70
2013-03-25,55.50,55.79,55.15,55.33,2657300,54.76
2013-03-22,55.76,56.49,54.99,55.19,3511200,54.62
2013-03-21,54.76,55.16,54.22,54.63,2049000,54.06
2013-03-20,55.21,55.53,54.88,55.23,2319200,54.66
2013-03-19,54.68,55.18,53.67,54.64,3199300,54.07
2013-03-18,54.25,55.10,53.75,54.41,3196000,53.84
2013-03-15,55.10,55.45,54.52,55.11,3890900,54.54
2013-03-14,54.64,55.43,54.61,55.10,4627700,54.53
2013-03-13,53.93,54.54,53.41,54.44,4115800,53.87
2013-03-12,52.84,53.81,52.60,53.76,5684700,53.20
2013-03-11,51.56,52.81,51.55,52.62,3124200,52.07
2013-03-08,51.74,52.04,51.32,51.85,2763000,51.31
2013-03-07,51.30,51.50,50.97,51.35,2989000,50.82
2013-03-06,50.98,51.69,50.98,51.19,2822500,50.66
2013-03-05,50.59,51.65,50.59,50.93,3818200,50.40
2013-03-04,50.27,50.60,49.66,50.41,3117200,49.89
2013-03-01,50.02,50.36,49.32,50.29,3132400,49.77
2013-02-28,50.33,50.80,50.05,50.41,3036900,49.89
2013-02-27,50.08,50.89,49.57,50.49,3596200,49.97
2013-02-26,50.18,50.90,49.87,50.39,4184500,49.87
2013-02-25,49.68,51.10,49.29,49.31,5068500,48.80
2013-02-22,49.46,49.89,49.13,49.47,3042800,48.96
2013-02-21,49.84,50.06,48.88,49.07,4593400,48.56
2013-02-20,51.53,51.95,50.04,50.06,4548700,49.54
2013-02-19,51.60,52.58,51.51,51.65,3858600,51.11
2013-02-15,50.18,51.94,50.18,51.71,8194500,51.17
2013-02-14,49.50,50.10,49.42,50.03,2308200,49.51
2013-02-13,49.80,50.25,49.41,49.69,2045600,49.17
2013-02-12,49.78,50.02,49.48,49.62,2955100,49.10
2013-02-11,50.09,50.21,49.71,49.86,2154100,49.34
2013-02-08,50.39,50.52,50.01,50.21,2425600,49.69
2013-02-07,50.71,50.72,49.47,50.23,3003700,49.71
2013-02-06,49.71,50.60,49.55,50.60,3847500,50.07
2013-02-05,49.96,50.17,49.41,49.79,3235900,49.27
2013-02-04,50.46,50.90,49.54,49.62,4006900,49.10
2013-02-01,50.46,50.65,49.61,50.25,4408500,49.73
2013-01-31,49.00,50.28,48.75,49.99,6160600,49.47
2013-01-30,49.01,49.58,48.93,49.18,3044300,48.67
2013-01-29,49.11,49.59,48.87,49.19,3481200,48.68
2013-01-28,49.60,49.98,49.23,49.53,3152300,49.02
2013-01-25,49.37,49.99,49.06,49.66,5550000,49.14
2013-01-24,47.00,49.89,46.78,48.85,10914600,48.34
2013-01-23,48.00,48.19,47.14,47.65,8167900,47.15
2013-01-22,48.31,48.47,47.51,47.95,5833600,47.45
2013-01-18,48.61,49.09,48.03,48.46,6392100,47.96
2013-01-17,47.42,48.59,47.11,48.39,6826500,47.89
2013-01-16,46.81,47.46,46.77,47.07,3832500,46.58
2013-01-15,46.51,47.11,46.21,47.03,4708800,46.54
2013-01-14,46.42,47.12,46.15,46.95,4529500,46.46
2013-01-11,45.67,46.97,45.40,46.53,6160800,46.05
2013-01-10,45.63,45.97,45.11,45.60,2668100,45.13
2013-01-09,45.19,45.65,45.06,45.31,2668500,44.84
2013-01-08,45.37,45.65,44.50,45.11,3921900,44.64
2013-01-07,45.37,46.21,44.99,45.29,3624700,44.82
2013-01-04,44.86,45.80,44.30,45.46,4648800,44.99
2013-01-03,44.78,45.80,44.49,44.68,3778200,44.22
2013-01-02,44.55,45.89,44.37,44.74,5086100,44.28
2012-12-31,42.57,43.74,42.30,43.50,3292600,43.05
2012-12-28,43.03,43.29,42.58,42.68,2062500,42.24
2012-12-27,43.61,43.64,42.54,43.22,3086300,42.77
2012-12-26,44.01,44.58,43.32,43.57,2332300,43.12
2012-12-24,44.09,44.45,43.70,44.18,1145600,43.72
2012-12-21,43.85,44.97,43.49,44.32,6222500,43.86
2012-12-20,43.82,44.50,43.42,44.23,3532300,43.77
2012-12-19,44.01,44.60,43.72,43.86,3682800,43.40
2012-12-18,43.05,44.09,43.00,43.92,4691900,43.46
2012-12-17,42.84,43.44,42.22,42.67,3380300,42.23
2012-12-14,42.88,43.37,42.20,42.67,4885900,42.23
2012-12-13,43.16,44.12,42.93,43.17,3725000,42.72
2012-12-12,43.22,43.54,43.08,43.28,2843600,42.83
2012-12-11,43.12,43.75,42.88,43.10,4330400,42.65
2012-12-10,42.06,43.33,42.06,42.79,5447200,42.35
2012-12-07,41.52,42.45,41.31,42.25,6185500,41.81
2012-12-06,39.78,41.42,39.70,41.32,5704500,40.89
2012-12-05,40.26,40.41,39.46,39.80,3818600,39.39
2012-12-04,39.60,40.42,39.40,40.30,4162200,39.88
2012-12-03,39.31,39.93,39.06,39.53,4412000,39.12
2012-11-30,39.67,39.88,38.87,39.10,5410500,38.69
2012-11-29,40.60,40.69,39.49,39.79,4851900,39.38
2012-11-28,39.85,40.75,39.66,40.44,3671600,40.02
2012-11-27,40.68,40.91,39.70,40.14,4585300,39.72
2012-11-26,40.38,40.94,40.10,40.67,3724900,40.25
2012-11-23,39.56,40.24,39.40,40.13,1810200,39.71
2012-11-21,38.73,39.73,38.67,39.47,4022500,39.06
2012-11-20,39.17,39.37,38.47,38.84,5953700,38.44
2012-11-19,40.12,40.29,38.79,39.30,5738800,38.89
2012-11-16,39.40,39.65,38.67,39.46,5119300,39.05
2012-11-15,39.99,40.30,39.27,39.28,3705700,38.87
2012-11-14,40.85,41.13,39.69,39.82,5378300,39.41
2012-11-13,40.26,41.11,40.00,40.46,4174000,40.04
2012-11-12,41.36,41.53,39.70,40.47,4442600,40.05
2012-11-09,41.16,42.08,41.06,41.22,4032700,40.79
2012-11-08,43.56,43.65,41.00,41.09,7870200,40.66
2012-11-07,44.11,44.24,43.02,43.40,4348500,42.95
2012-11-06,44.43,45.33,44.18,44.81,5322200,44.34
2012-11-05,43.36,44.39,43.32,44.31,3344800,43.85
2012-11-02,44.39,44.40,43.33,43.46,4143500,43.01
2012-11-01,41.98,44.28,41.85,44.16,5460500,43.70
2012-10-31,42.25,42.48,41.68,41.78,3261400,41.35
2012-10-26,42.54,43.19,41.79,42.23,4031800,41.79
2012-10-25,43.63,43.63,42.14,42.39,3945900,41.95
2012-10-24,43.75,44.21,42.62,43.11,4450700,42.66
2012-10-23,42.79,43.75,42.66,43.36,4965000,42.91
2012-10-22,43.44,44.37,42.88,43.43,6450600,42.98
2012-10-19,46.26,46.84,43.98,44.02,21758900,43.56
2012-10-18,44.10,44.41,42.71,42.86,10271200,42.41
2012-10-17,44.64,45.09,44.26,44.34,5143100,43.88
2012-10-16,43.88,45.27,43.79,44.82,5719200,44.35
2012-10-15,43.39,43.88,42.98,43.73,6686100,43.28
2012-10-12,42.34,43.35,42.20,42.28,3855900,41.84
2012-10-11,43.06,43.30,41.93,42.28,4404700,41.84
2012-10-10,43.26,43.46,42.40,42.56,3580100,42.12
2012-10-09,43.75,44.00,43.00,43.39,3038700,42.94
2012-10-08,44.05,44.99,43.57,43.73,3675700,43.28
2012-10-05,44.72,45.05,43.96,44.09,3259100,43.63
2012-10-04,43.77,45.03,43.48,44.63,5170700,44.17
2012-10-03,44.46,44.66,43.54,43.63,4083300,43.18
2012-10-02,43.34,44.37,42.78,44.31,4746700,43.85
2012-10-01,43.70,44.09,42.70,43.01,3832900,42.56
2012-09-28,43.57,44.00,43.04,43.43,5764900,42.98
2012-09-27,42.73,43.48,42.07,43.24,5250900,42.79
2012-09-26,42.54,42.90,42.00,42.66,6907600,42.22
2012-09-25,45.42,45.60,43.72,43.89,4121200,43.43
2012-09-24,44.84,45.95,44.82,45.15,3644900,44.68
2012-09-21,46.32,46.82,45.19,45.24,5214100,44.77
2012-09-20,45.82,46.32,45.36,45.95,3924800,45.47
2012-09-19,45.56,46.99,45.35,46.18,5324500,45.70
2012-09-18,45.56,45.99,45.01,45.19,3084300,44.72
2012-09-17,45.84,45.93,45.26,45.75,2855900,45.27
2012-09-14,45.60,46.28,45.59,45.69,4149800,45.22
2012-09-13,45.13,45.75,44.64,45.37,3557900,44.90
2012-09-12,44.85,45.47,44.67,44.97,5138200,44.50
2012-09-11,44.02,44.75,43.26,44.52,4896000,44.06
2012-09-10,44.06,44.90,43.97,43.99,4191800,43.53
2012-09-07,43.70,44.48,43.38,44.26,5921100,43.80
2012-09-06,42.05,44.17,41.95,44.01,12011800,43.55
2012-09-05,40.89,41.09,40.46,40.60,3480500,40.18
2012-09-04,41.03,41.23,40.49,40.89,2568800,40.47
2012-08-31,41.44,41.65,40.69,41.22,2204600,40.79
2012-08-30,41.87,41.87,40.73,41.03,4006400,40.60
2012-08-29,42.41,42.55,41.92,42.04,3551300,41.60
2012-08-28,42.81,43.10,42.31,42.31,3297900,41.87
2012-08-27,43.40,43.46,42.64,42.95,2314600,42.50
2012-08-24,42.19,43.29,42.09,43.04,3424500,42.59
2012-08-23,43.31,43.31,42.12,42.27,4519000,41.83
2012-08-22,42.77,43.91,42.66,43.54,4454500,43.09
2012-08-21,42.49,44.00,42.44,42.98,4822300,42.53
2012-08-20,42.47,42.70,41.92,42.27,2903300,41.83
2012-08-17,42.85,43.00,42.11,42.55,3949800,42.11
2012-08-16,41.59,42.96,41.56,42.70,4844700,42.26
2012-08-15,40.41,42.25,40.35,41.56,5324700,41.13
2012-08-14,40.95,41.28,40.36,40.53,2913200,40.11
2012-08-13,41.40,41.57,40.72,40.90,2951100,40.48
2012-08-10,41.44,41.65,40.97,41.40,2781800,40.97
2012-08-09,41.69,42.10,41.49,41.59,2531000,41.16
2012-08-08,41.81,41.94,41.29,41.70,4315300,41.27
2012-08-07,41.84,42.60,41.78,42.08,4597300,41.64
2012-08-06,41.53,41.97,41.28,41.48,2156400,41.05
2012-08-03,41.60,42.22,41.17,41.37,4602600,40.94
2012-08-02,41.19,41.84,40.59,40.75,4630600,40.33
2012-08-01,41.66,41.96,41.10,41.43,4124900,41.00
2012-07-31,41.07,42.34,40.92,41.13,5187900,40.70
2012-07-30,42.44,42.75,40.56,41.17,5773400,40.74
2012-07-27,41.92,42.64,41.21,42.44,5102700,42.00
2012-07-26,40.50,42.23,40.38,41.51,7695200,41.08
2012-07-25,39.44,40.52,39.31,39.73,6144000,39.32
2012-07-24,40.38,41.23,39.30,39.65,8877100,39.24
2012-07-23,38.21,40.19,37.95,39.88,10379900,39.47
2012-07-20,39.19,40.45,38.51,38.70,24127300,38.30
2012-07-19,34.45,35.54,34.18,35.08,9365700,34.72
2012-07-18,32.89,34.91,32.75,34.26,6631600,33.90
2012-07-17,32.97,33.45,32.08,33.34,5518300,32.99
2012-07-16,32.33,33.07,32.26,32.81,4429300,32.47
2012-07-13,33.36,33.61,33.02,33.42,3625600,33.07
2012-07-12,33.69,33.84,32.63,33.41,5432600,33.06
2012-07-11,34.80,34.95,33.67,33.99,6200100,33.64
2012-07-10,36.16,36.50,34.38,34.66,6594700,34.30
2012-07-09,36.70,36.85,36.06,36.19,2885500,35.81
2012-07-06,36.31,36.82,36.10,36.71,3732500,36.33
2012-07-05,36.82,37.06,36.05,36.62,4212200,36.24
2012-07-03,36.94,37.39,36.61,37.12,2192900,36.73
2012-07-02,36.60,37.05,36.03,36.91,4325900,36.53
2012-06-29,35.33,36.51,35.15,36.48,5775800,36.10
2012-06-28,35.16,35.30,34.00,34.70,6538400,34.34
2012-06-27,36.29,36.50,35.29,35.41,6210300,35.04
2012-06-26,35.96,36.45,35.61,36.27,4144200,35.89
2012-06-25,36.88,37.25,35.70,35.87,4907300,35.50
2012-06-22,36.15,36.52,36.00,36.36,3207300,35.98
2012-06-21,37.26,37.40,35.94,36.00,4575100,35.63
2012-06-20,37.36,37.64,36.89,37.47,3264400,37.08
2012-06-19,37.23,37.46,36.95,37.17,4736300,36.78
2012-06-18,36.61,37.23,36.26,36.83,4045100,36.45
2012-06-15,35.34,36.87,35.31,36.85,6980800,36.47
2012-06-14,36.05,36.11,35.11,35.55,4282800,35.18
2012-06-13,35.73,36.44,35.48,36.02,5542500,35.65
2012-06-12,34.95,36.57,34.89,35.95,10450700,35.58
2012-06-11,35.90,36.12,34.56,34.62,5317700,34.26
2012-06-08,34.77,35.64,34.57,35.43,4362000,35.06
2012-06-07,35.69,36.31,35.05,35.13,9139000,34.77
2012-06-06,33.74,35.20,33.64,35.09,8360500,34.73
2012-06-05,31.99,33.68,31.96,33.41,7851000,33.06
2012-06-04,31.35,31.77,31.02,31.66,3781400,31.33
2012-06-01,31.72,32.15,30.99,31.23,5864000,30.91
2012-05-31,33.78,33.82,32.57,32.70,6387000,32.36
2012-05-30,34.04,34.12,33.33,33.62,4319400,33.27
2012-05-29,34.01,34.69,33.89,34.45,4789300,34.09
2012-05-25,32.39,33.97,32.32,33.73,6759400,33.38
2012-05-24,32.88,33.02,31.86,32.25,4723400,31.91
2012-05-23,32.17,33.07,31.95,32.92,5449400,32.58
2012-05-22,32.59,32.94,32.17,32.62,4460100,32.28
2012-05-21,31.71,32.76,31.58,32.56,5438600,32.22
2012-05-18,32.26,32.28,31.34,31.52,7036600,31.19
2012-05-17,33.71,33.83,32.33,32.35,8258300,32.01
2012-05-16,35.27,35.30,33.44,33.46,11418100,33.11
2012-05-15,35.65,35.97,34.86,35.05,3962000,34.69
2012-05-14,35.50,36.30,35.43,35.79,4959400,35.42
2012-05-11,35.64,36.41,35.25,35.70,4521000,35.33
2012-05-10,36.36,36.65,35.41,35.58,4300000,35.21
2012-05-09,34.96,36.29,34.50,36.01,5409700,35.64
2012-05-08,35.54,35.79,34.65,35.47,5375500,35.10
2012-05-07,35.60,36.23,35.60,35.89,3929400,35.52
2012-05-04,36.40,36.65,35.66,35.94,7008900,35.57
2012-05-03,37.34,37.64,36.53,36.63,6255900,36.25
2012-05-02,37.01,37.75,37.01,37.44,5764400,37.05
2012-05-01,36.91,37.64,36.47,37.40,6180600,37.01
2012-04-30,37.58,37.58,36.90,37.00,4241100,36.62
2012-04-27,38.19,38.29,37.12,37.58,6856600,37.19
2012-04-26,37.47,37.92,37.12,37.40,5236600,37.01
2012-04-25,37.27,37.66,36.98,37.59,8545000,37.20
2012-04-24,36.48,36.64,36.12,36.49,8501500,36.11
2012-04-23,35.72,37.15,35.50,36.39,12410500,36.01
2012-04-20,34.90,36.76,34.34,35.91,32224200,35.54
2012-04-19,40.53,41.47,40.09,40.47,7890900,40.05
2012-04-18,41.22,41.28,40.48,40.76,4915100,40.34
2012-04-17,41.15,41.69,40.87,41.30,4622400,40.87
2012-04-16,41.43,41.60,40.57,40.95,5753100,40.52
2012-04-13,42.06,42.23,41.09,41.11,5712400,40.68
2012-04-12,42.15,42.81,41.86,42.16,7282400,41.72
2012-04-11,42.61,43.03,41.70,41.96,5604400,41.52
2012-04-10,43.81,43.94,42.04,42.26,7006600,41.82
2012-04-09,43.49,44.11,43.34,43.70,5343800,43.25
2012-04-05,44.75,44.88,43.78,44.09,9295400,43.63
2012-04-04,45.72,45.93,44.44,44.51,27490400,44.05
2012-04-03,49.37,50.07,49.37,50.05,4904300,49.53
2012-04-02,49.45,49.89,49.15,49.60,4967800,49.08
2012-03-30,50.38,50.41,49.22,49.59,4243900,49.07
2012-03-29,50.08,50.38,49.35,50.22,3802000,49.70
2012-03-28,50.19,50.68,49.88,50.35,4004700,49.83
2012-03-27,50.47,51.00,50.10,50.12,4031300,49.60
2012-03-26,49.82,50.55,49.18,50.52,4626700,50.00
2012-03-23,49.98,50.31,48.40,49.40,9434200,48.89
2012-03-22,50.81,50.99,50.11,50.90,4185700,50.37
2012-03-21,50.13,51.80,49.93,51.29,6554500,50.76
2012-03-20,49.80,50.47,49.41,49.96,3927000,49.44
2012-03-19,49.99,50.77,49.80,50.23,4611300,49.71
2012-03-16,49.80,50.60,49.80,50.25,4228400,49.73
2012-03-15,49.78,50.37,49.15,49.70,3660400,49.18
2012-03-14,50.47,51.00,49.17,49.67,4729600,49.15
2012-03-13,50.09,50.81,49.73,50.73,3279800,50.20
2012-03-12,50.12,50.19,49.45,49.85,2486100,49.33
2012-03-09,49.48,50.75,49.27,50.25,3912400,49.73
2012-03-08,48.97,49.63,48.62,49.22,3756000,48.71
2012-03-07,48.80,49.01,48.18,48.48,4086100,47.98
2012-03-06,49.66,49.66,48.26,48.55,5402800,48.05
2012-03-05,50.69,51.28,50.22,50.24,5053800,49.72
2012-03-02,50.41,51.41,50.17,50.91,5384100,50.38
2012-03-01,49.98,50.55,49.45,50.53,5221500,50.01
2012-02-29,49.89,50.86,49.41,49.48,5108100,48.97
2012-02-28,49.40,50.09,48.97,49.77,4754400,49.25
2012-02-27,48.60,49.68,48.40,49.19,3311500,48.68
2012-02-24,48.99,49.41,48.76,49.14,4482300,48.63
2012-02-23,47.37,48.97,47.00,48.85,5165500,48.34
2012-02-22,47.43,47.75,47.20,47.48,3459900,46.99
2012-02-21,47.96,48.21,47.29,47.61,4273700,47.12
2012-02-17,48.37,48.64,47.50,47.79,5570900,47.29
2012-02-16,47.27,48.28,46.86,48.23,6820500,47.73
2012-02-15,47.49,48.56,47.23,47.68,8252500,47.18
2012-02-14,46.62,47.22,46.60,46.99,4755800,46.50
2012-02-13,46.99,47.13,45.98,46.63,4187000,46.15
2012-02-10,46.63,47.13,46.16,46.44,4675300,45.96
2012-02-09,46.87,47.49,46.38,47.20,4005900,46.71
2012-02-08,46.06,47.05,45.88,46.84,7566400,46.35
2012-02-07,47.36,47.39,45.61,45.91,9716000,45.43
2012-02-06,47.49,47.61,46.91,47.56,3161200,47.07
2012-02-03,47.00,47.60,46.72,47.54,4817000,47.05
2012-02-02,46.54,46.86,46.24,46.54,3554700,46.06
2012-02-01,46.36,46.93,45.90,46.48,6571800,46.00
2012-01-31,46.67,47.00,45.67,45.88,5628900,45.40
2012-01-30,46.38,46.49,45.60,46.29,6198400,45.81
2012-01-27,46.03,47.15,45.43,46.70,9814200,46.21
2012-01-26,47.80,48.00,45.50,46.39,31028600,45.91
2012-01-25,52.40,52.64,50.72,52.34,9106300,51.80
2012-01-24,51.67,51.94,50.92,51.19,6163200,50.66
2012-01-23,52.32,52.52,50.86,51.80,4556500,51.26
2012-01-20,52.59,53.08,52.19,52.49,4082900,51.94
2012-01-19,52.29,52.75,51.58,52.68,5648300,52.13
2012-01-18,50.34,52.24,50.18,52.07,7076600,51.53
2012-01-17,50.35,51.16,49.68,49.96,3946100,49.44
2012-01-13,50.39,50.40,49.36,49.89,4976300,49.37
2012-01-12,50.86,51.13,49.86,50.48,4386200,49.96
2012-01-11,50.74,51.17,50.37,50.55,2978800,50.02
2012-01-10,51.47,51.65,50.44,50.78,3062400,50.25
2012-01-09,50.26,50.99,50.00,50.83,4616900,50.30
2012-01-06,49.92,50.44,49.52,49.93,6826800,49.41
2012-01-05,48.36,49.19,48.11,49.11,3882500,48.60
2012-01-04,47.50,48.46,46.97,48.30,5051800,47.80
2012-01-03,49.10,49.26,47.07,47.59,8033800,47.10
2011-12-30,49.47,50.00,49.20,49.21,2458800,48.70
2011-12-29,49.23,49.48,48.66,49.43,2296700,48.92
2011-12-28,50.04,50.25,49.00,49.12,2689400,48.61
2011-12-27,50.46,50.66,49.90,50.10,1989100,49.58
2011-12-23,50.12,50.62,49.70,50.52,2796400,50.00
2011-12-22,48.57,49.87,48.53,49.66,4424300,49.14
2011-12-21,48.61,48.80,47.10,48.14,4792400,47.64
2011-12-20,47.57,49.00,47.57,48.84,4428400,48.33
2011-12-19,48.28,48.48,46.65,46.90,4316700,46.41
2011-12-16,48.14,49.09,47.66,47.91,5014700,47.41
2011-12-15,48.85,49.05,47.70,47.95,3419100,47.45
2011-12-14,49.55,49.84,47.48,48.35,6011100,47.85
2011-12-13,50.58,51.09,49.55,49.84,5959200,49.32
2011-12-12,49.63,50.13,49.04,50.04,4420300,49.52
2011-12-09,49.89,50.71,49.09,50.39,4443000,49.87
2011-12-08,50.00,50.90,49.76,49.90,4125500,49.38
2011-12-07,50.13,50.74,49.50,50.37,3934800,49.85
2011-12-06,50.62,51.39,50.03,50.37,4604400,49.85
2011-12-05,51.26,52.40,50.62,50.92,6493200,50.39
2011-12-02,50.29,50.86,49.97,50.32,5718200,49.80
2011-12-01,49.16,50.00,48.91,49.86,4866500,49.34
2011-11-30,47.91,49.32,47.81,49.31,8616800,48.80
2011-11-29,47.99,47.99,45.96,46.15,6729100,45.67
2011-11-28,47.25,48.02,47.11,47.74,4948600,47.24
2011-11-25,45.60,46.68,45.51,45.56,2695500,45.09
2011-11-23,47.26,47.51,45.65,45.79,5677500,45.31
2011-11-22,47.26,48.24,47.20,47.81,4409300,47.31
2011-11-21,48.07,48.19,46.76,47.45,6268200,46.96
2011-11-18,49.88,50.04,48.70,48.72,5187100,48.21
2011-11-17,50.85,51.00,48.10,49.52,8120800,49.01
2011-11-16,50.99,53.11,50.73,51.07,8617700,50.54
2011-11-15,51.00,51.64,50.21,51.30,5434600,50.77
2011-11-14,51.36,51.96,50.94,51.08,4095900,50.55
2011-11-11,50.05,51.95,49.90,51.66,6477400,51.12
2011-11-10,49.73,49.88,48.27,49.42,4862200,48.91
2011-11-09,50.20,50.26,48.70,49.07,6977700,48.56
2011-11-08,52.00,52.10,50.84,51.52,5084200,50.98
2011-11-07,50.95,51.95,50.60,51.82,4417800,51.28
2011-11-04,50.32,51.72,50.04,51.31,8430800,50.78
2011-11-03,49.70,50.79,48.40,50.41,6486800,49.89
2011-11-02,49.75,50.15,48.24,49.16,6259600,48.65
2011-11-01,49.25,49.35,48.35,49.02,9178800,48.51
2011-10-31,51.69,52.18,50.41,50.67,8014800,50.14
2011-10-28,51.82,53.46,51.67,53.38,8358200,52.83
2011-10-27,51.52,52.49,51.25,52.01,8209000,51.47
2011-10-26,50.19,51.00,49.36,50.31,10080300,49.79
2011-10-25,49.93,50.50,49.47,49.84,8224800,49.32
2011-10-24,49.68,51.03,49.59,50.94,9773700,50.41
2011-10-21,48.31,49.77,47.85,49.76,17195500,49.24
2011-10-20,45.25,47.27,45.02,45.50,13321700,45.03
2011-10-19,46.48,46.67,45.00,45.18,7473800,44.71
2011-10-18,45.92,47.26,44.84,46.91,6770300,46.42
2011-10-17,46.44,47.65,45.78,45.97,6151200,45.49
2011-10-14,46.57,47.25,45.93,46.79,5967400,46.30
2011-10-13,44.42,46.28,44.37,45.93,7503100,45.45
2011-10-12,45.13,45.40,44.41,44.45,6510700,43.99
2011-10-11,44.75,45.67,44.13,44.46,6721100,44.00
2011-10-10,43.69,45.00,43.62,44.92,6078500,44.45
2011-10-07,43.77,44.14,42.46,43.14,8099900,42.69
2011-10-06,42.65,43.96,42.31,43.65,7602200,43.20
2011-10-05,40.72,43.11,40.64,42.79,11495400,42.35
2011-10-04,38.43,40.69,37.63,40.65,12302400,40.23
2011-10-03,40.02,41.00,38.58,38.92,10119100,38.52
2011-09-30,40.00,42.03,39.52,40.36,9376900,39.94
2011-09-29,42.61,42.62,39.39,40.62,9253500,40.20
2011-09-28,43.35,43.52,41.73,41.79,6955000,41.36
2011-09-27,43.54,44.47,43.00,43.23,7692500,42.78
2011-09-26,42.20,42.96,41.21,42.87,9538000,42.42
2011-09-23,41.14,42.50,40.95,42.20,6957200,41.76
2011-09-22,41.10,41.80,40.56,41.42,10497300,40.99
2011-09-21,42.87,44.07,42.50,42.67,9911000,42.23
2011-09-20,43.88,44.22,42.40,42.65,8091400,42.21
2011-09-19,42.12,44.04,41.81,43.67,9642400,43.22
2011-09-16,43.24,43.34,42.35,42.78,8529800,42.34
2011-09-15,42.92,43.47,42.33,43.08,11765800,42.63
2011-09-14,41.22,43.40,41.14,42.66,18558000,42.22
2011-09-13,40.02,41.03,39.90,40.95,10956900,40.52
2011-09-12,38.10,40.19,38.10,40.02,11129600,39.60
2011-09-09,38.24,40.45,38.20,38.73,14445700,38.33
2011-09-08,37.91,40.28,37.73,38.52,13773600,38.12
2011-09-07,36.21,37.80,36.20,37.63,7966000,37.24
2011-09-06,33.59,35.81,33.39,35.57,9020300,35.20
2011-09-02,35.39,36.00,34.63,34.94,6290600,34.58
2011-09-01,36.63,37.99,36.22,36.27,8334300,35.89
2011-08-31,37.56,37.76,36.33,36.65,7577700,36.27
2011-08-30,37.17,37.58,36.41,37.09,8108600,36.70
2011-08-29,35.50,37.51,35.50,37.39,8728000,37.00
2011-08-26,33.58,35.35,32.60,34.80,11595200,34.44
2011-08-25,35.10,35.68,33.75,33.89,6515800,33.54
2011-08-24,34.43,35.43,33.96,34.92,7761000,34.56
2011-08-23,32.65,34.40,32.34,34.35,7213500,33.99
2011-08-22,33.31,33.51,32.24,32.37,7756900,32.03
2011-08-19,32.87,34.05,32.45,32.50,8365500,32.16
2011-08-18,35.04,35.17,33.32,33.64,11694500,33.29
2011-08-17,37.01,37.60,35.90,36.26,7795500,35.88
2011-08-16,38.18,38.49,36.51,37.03,8260700,36.65
2011-08-15,38.19,38.57,37.60,38.20,7477700,37.80
2011-08-12,38.96,39.11,37.58,38.09,7385000,37.69
2011-08-11,36.71,38.87,36.37,38.30,10963100,37.90
2011-08-10,37.14,38.24,35.83,36.51,12638700,36.13
2011-08-09,36.75,37.96,35.46,37.93,10732900,37.54
2011-08-08,37.47,38.53,35.38,36.06,12421900,35.69
2011-08-05,40.36,40.90,37.79,39.32,13574900,38.91
2011-08-04,41.99,42.42,39.62,39.63,10138200,39.22
2011-08-03,40.97,42.68,40.06,42.54,10368200,42.10
2011-08-02,41.60,42.15,40.62,40.67,7258200,40.25
2011-08-01,43.14,43.55,41.50,42.11,7222700,41.67
2011-07-29,41.69,43.85,41.59,42.53,7953800,42.09
2011-07-28,42.25,42.88,41.70,42.26,6570200,41.82
2011-07-27,43.50,43.53,41.98,42.00,8972100,41.56
2011-07-26,43.91,44.64,43.73,43.85,7146400,43.39
2011-07-25,45.12,45.25,43.76,43.88,8959000,43.42
2011-07-22,43.99,46.47,43.91,45.57,17540000,45.10
2011-07-21,41.14,41.88,40.44,41.57,10873300,41.14
2011-07-20,42.29,42.37,41.18,41.47,6809400,41.04
2011-07-19,40.89,42.25,40.89,41.98,6010800,41.54
2011-07-18,41.21,41.43,39.90,40.50,5915100,40.08
2011-07-15,41.50,41.76,40.84,41.62,5087000,41.19
2011-07-14,42.08,42.75,41.00,41.16,5670000,40.73
2011-07-13,41.53,42.73,41.17,41.88,6345000,41.44
2011-07-12,41.60,41.73,40.52,41.18,5595600,40.75
2011-07-11,42.55,42.80,41.30,41.77,5791800,41.34
2011-07-08,42.96,43.44,42.71,43.04,4192400,42.59
2011-07-07,43.45,43.92,43.01,43.62,5030300,43.17
2011-07-06,43.25,43.50,42.45,43.01,5450100,42.56
2011-07-05,43.60,43.99,43.22,43.45,6817600,43.00
2011-07-01,41.56,42.92,41.51,42.80,5753300,42.36
2011-06-30,40.56,41.65,40.56,41.50,5737100,41.07
2011-06-29,40.85,40.96,40.11,40.49,5416000,40.07
2011-06-28,40.37,40.80,40.00,40.77,7249600,40.35
2011-06-27,39.04,40.73,38.99,40.36,10407500,39.94
2011-06-24,42.53,42.59,38.79,38.94,21064400,38.54
2011-06-23,41.98,43.10,41.57,42.88,6837100,42.43
2011-06-22,42.81,43.15,42.46,42.54,3788500,42.10
2011-06-21,42.03,43.35,41.75,42.86,6379000,42.41
2011-06-20,40.71,41.97,40.69,41.79,6657600,41.36
2011-06-17,42.87,42.93,40.68,40.94,8513800,40.51
2011-06-16,42.25,43.38,41.96,42.24,7307300,41.80
2011-06-15,42.82,43.78,42.16,42.18,6792400,41.74
2011-06-14,43.00,43.69,42.83,43.20,6403700,42.75
2011-06-13,42.45,42.76,41.99,42.45,6332900,42.01
2011-06-10,42.57,43.04,41.60,42.53,7253800,42.09
2011-06-09,42.75,42.94,42.32,42.53,4812200,42.09
2011-06-08,42.84,43.13,42.27,42.64,6353500,42.20
2011-06-07,43.88,44.20,43.03,43.05,4404300,42.60
2011-06-06,44.31,44.31,43.00,43.24,5287400,42.79
2011-06-03,44.62,44.99,44.15,44.26,4406500,43.80
2011-06-02,45.15,45.82,44.79,45.38,5271900,44.91
2011-06-01,47.09,47.09,45.06,45.11,8316100,44.64
2011-05-31,46.77,47.62,46.35,47.52,7588500,47.03
2011-05-27,45.76,46.23,45.64,46.04,3998600,45.56
2011-05-26,45.46,46.24,45.28,45.65,3816900,45.18
2011-05-25,45.41,45.63,44.60,45.41,3904200,44.94
2011-05-24,45.67,46.00,44.91,45.07,4243500,44.60
2011-05-23,45.32,45.96,45.00,45.62,5200000,45.15
2011-05-20,46.52,47.25,46.39,46.46,5769100,45.98
2011-05-19,46.56,46.67,45.48,46.48,5372700,46.00
2011-05-18,46.28,46.64,45.44,46.45,7886500,45.97
2011-05-17,47.45,47.54,45.92,46.34,11417600,45.86
2011-05-16,47.47,49.73,47.38,47.95,11947100,47.45
2011-05-13,47.45,47.46,46.44,46.49,4212400,46.01
2011-05-12,47.25,47.58,46.83,47.37,4200000,46.88
2011-05-11,47.83,48.65,46.99,47.46,6505400,46.97
2011-05-10,47.56,48.10,47.30,47.88,4124500,47.38
2011-05-09,47.71,47.81,46.75,47.29,3356000,46.80
2011-05-06,47.98,48.36,46.91,47.15,4305800,46.66
2011-05-05,46.93,48.04,46.78,47.34,5600000,46.85
2011-05-04,47.57,47.84,46.34,47.23,6909400,46.74
2011-05-03,48.39,48.76,47.25,47.43,5797000,46.94
2011-05-02,49.79,49.87,48.55,48.69,4533800,48.18
2011-04-29,49.57,49.64,48.64,49.33,4851700,48.82
2011-04-28,50.35,50.46,49.17,49.39,4900000,48.88
2011-04-27,50.60,51.15,50.09,50.57,5525000,50.04
2011-04-26,49.84,51.00,49.57,50.36,6100000,49.84
2011-04-25,48.60,50.83,47.64,49.78,10676500,49.26
2011-04-21,49.00,49.62,48.52,48.99,11046400,48.48
2011-04-20,47.60,48.56,47.50,48.45,6163500,47.95
2011-04-19,46.35,47.00,45.98,46.89,3705000,46.40
2011-04-18,46.13,46.42,45.10,46.31,4795600,45.83
2011-04-15,46.59,46.99,46.02,46.78,4072700,46.29
2011-04-14,45.98,46.81,45.52,46.68,4228600,46.20
2011-04-13,46.53,46.98,46.01,46.42,4082700,45.94
2011-04-12,45.92,46.37,45.32,46.01,5233600,45.53
2011-04-11,46.87,47.15,46.17,46.43,4356700,45.95
2011-04-08,48.51,48.69,46.54,46.77,6062800,46.28
2011-04-07,47.60,48.49,47.05,48.06,6403300,47.56
2011-04-06,48.35,48.74,46.82,47.55,6665200,47.06
2011-04-05,47.39,48.34,46.62,47.64,7362400,47.15
2011-04-04,45.88,46.85,45.71,46.60,6091500,46.12
2011-04-01,46.49,46.65,45.19,45.51,5640500,45.04
2011-03-31,45.46,46.43,45.41,46.09,5548300,45.61
2011-03-30,46.25,46.25,44.63,45.41,7135100,44.94
2011-03-29,45.29,45.88,44.95,45.86,4527500,45.38
2011-03-28,45.29,46.10,45.12,45.29,6470700,44.82
2011-03-25,45.03,45.38,44.62,45.01,5929000,44.54
2011-03-24,44.56,45.41,44.32,44.69,9060500,44.23
2011-03-23,43.29,43.63,42.83,43.46,5310800,43.01
2011-03-22,44.12,44.24,43.10,43.49,5357100,43.04
2011-03-21,44.42,44.44,43.56,44.14,9647000,43.68
2011-03-18,44.03,44.10,42.84,43.31,8148100,42.86
2011-03-17,42.89,43.70,42.30,43.04,9525500,42.59
2011-03-16,43.30,43.70,41.10,42.09,15309000,41.65
2011-03-15,43.33,44.06,42.25,43.72,11996900,43.27
2011-03-14,45.29,46.52,44.00,44.82,11928700,44.35
2011-03-11,43.53,45.73,43.53,45.07,7896600,44.60
2011-03-10,45.36,45.67,44.43,44.93,8614700,44.46
2011-03-09,46.59,46.69,45.62,46.14,7128800,45.66
2011-03-08,46.85,47.68,46.00,46.91,4903300,46.42
2011-03-07,47.85,48.33,45.85,46.88,10348600,46.39
2011-03-04,48.22,48.37,47.21,47.69,5243500,47.19
2011-03-03,48.45,48.95,48.18,48.22,4945300,47.72
2011-03-02,47.52,49.26,47.41,47.63,7719700,47.14
2011-03-01,49.47,49.50,47.55,47.77,8297200,47.27
2011-02-28,50.64,50.89,49.00,49.60,5782300,49.08
2011-02-25,49.64,50.53,48.93,50.18,7405900,49.66
2011-02-24,48.21,49.71,47.53,49.02,9281200,48.51
2011-02-23,49.20,49.31,47.02,48.14,8380700,47.64
2011-02-22,50.50,50.89,48.48,48.85,7290800,48.34
2011-02-18,51.66,51.74,50.97,51.38,4153800,50.85
2011-02-17,51.22,52.16,51.10,51.74,4490600,51.20
2011-02-16,51.50,51.77,50.53,51.36,5351600,50.83
2011-02-15,52.68,53.25,50.97,51.22,9350300,50.69
2011-02-14,51.25,53.30,51.25,52.67,9342700,52.12
2011-02-11,50.50,51.23,50.19,51.01,4132100,50.48
2011-02-10,49.56,50.90,49.35,50.81,6343100,50.28
2011-02-09,49.61,50.72,49.36,50.13,6692000,49.61
2011-02-08,48.68,50.15,48.26,49.80,12440000,49.28
2011-02-07,48.26,48.63,47.52,47.80,6883900,47.30
2011-02-04,47.46,48.14,47.01,48.03,8198100,47.53
2011-02-03,48.58,49.04,47.55,47.60,9800900,47.11
2011-02-02,46.44,48.20,46.26,47.97,11551100,47.47
2011-02-01,46.07,47.30,46.00,46.49,12848400,46.01
2011-01-31,47.00,47.05,44.83,45.37,16526100,44.90
2011-01-28,51.38,51.48,46.16,46.80,25888700,46.31
2011-01-27,50.40,51.83,50.40,51.32,10186500,50.79
2011-01-26,48.90,50.04,47.97,49.97,9043400,49.45
2011-01-25,50.32,50.42,48.15,48.55,11679100,48.05
2011-01-24,50.07,50.83,48.96,50.68,7119100,50.15
2011-01-21,50.33,51.06,49.81,49.97,8239000,49.45
2011-01-20,51.38,51.45,49.02,49.95,8803200,49.43
2011-01-19,53.60,53.61,51.31,51.50,7296000,50.96
2011-01-18,52.64,53.06,51.81,53.06,5184000,52.51
2011-01-14,51.18,52.80,51.10,52.77,4609400,52.22
2011-01-13,51.97,52.20,51.02,51.40,4916300,50.87
2011-01-12,51.96,52.29,51.23,51.87,6655100,51.33
2011-01-11,53.47,53.60,51.77,52.20,6099100,51.66
2011-01-10,52.42,53.35,52.26,53.24,4955600,52.69
2011-01-07,52.64,53.41,51.66,52.37,5113400,51.83
2011-01-06,52.52,53.22,52.31,52.73,6243400,52.18
2011-01-05,50.77,52.58,50.70,52.25,6675000,51.71
2011-01-04,51.50,51.97,49.77,50.81,6746700,50.28
2011-01-03,50.66,51.71,50.60,51.24,5149200,50.71
2010-12-31,50.29,50.42,49.45,49.86,2635500,49.34
2010-12-30,49.87,50.75,49.69,50.36,2943500,49.84
2010-12-29,50.25,50.32,49.56,49.78,3440800,49.26
2010-12-28,51.13,51.35,50.15,50.15,3295900,49.63
2010-12-27,50.43,51.22,49.75,50.85,2998000,50.32
2010-12-23,50.37,50.61,49.91,50.41,3601600,49.89
2010-12-22,51.94,52.31,50.71,51.01,6571100,50.48
2010-12-21,50.01,51.75,49.89,51.64,8734700,51.10
2010-12-20,48.98,49.83,48.64,49.21,6190500,48.70
2010-12-17,48.55,49.20,48.44,48.87,6310200,48.36
2010-12-16,48.33,49.40,48.20,48.69,6973000,48.18
2010-12-15,49.29,49.64,48.04,48.18,8410900,47.68
2010-12-14,49.80,50.40,48.77,49.38,7411100,48.87
2010-12-13,50.26,50.97,49.83,49.87,9943200,49.35
2010-12-10,47.64,50.06,47.60,49.60,13700400,49.08
2010-12-09,48.15,48.20,46.46,47.64,7562800,47.15
2010-12-08,47.78,48.48,47.15,47.89,6019300,47.39
2010-12-07,48.66,48.74,47.69,47.75,7076500,47.25
2010-12-06,47.79,48.15,46.91,47.72,8973300,47.22
2010-12-03,47.77,48.99,47.76,48.31,7594400,47.81
2010-12-02,47.16,48.24,47.01,48.00,9082900,47.50
2010-12-01,45.47,47.02,45.44,46.90,11999400,46.41
2010-11-30,44.56,45.50,44.32,44.60,10428700,44.14
2010-11-29,44.71,45.69,44.47,45.22,8776500,44.75
2010-11-26,44.50,45.25,44.13,44.95,4513400,44.48
2010-11-24,43.33,45.60,43.27,45.01,14392800,44.54
2010-11-23,42.05,43.36,42.04,42.96,13108500,42.51
2010-11-22,41.13,42.83,41.05,42.57,14662200,42.13
2010-11-19,38.50,40.15,38.50,39.98,9269700,39.56
2010-11-18,38.63,39.13,38.35,38.49,5814000,38.09
2010-11-17,38.21,38.78,37.79,37.93,5257000,37.54
2010-11-16,38.86,38.98,37.67,38.22,7989800,37.82
2010-11-15,40.04,40.23,39.11,39.17,5653200,38.76
2010-11-12,40.15,40.75,39.26,39.57,7249900,39.16
2010-11-11,39.39,40.80,39.17,40.42,7771600,40.00
2010-11-10,39.93,40.53,39.22,40.28,9280100,39.86
2010-11-09,41.42,41.48,39.58,39.88,8479700,39.47
2010-11-08,41.21,41.95,41.20,41.37,7290500,40.94
2010-11-05,40.65,42.44,40.50,41.31,12888300,40.88
2010-11-04,38.60,40.56,38.41,40.35,16287900,39.93
2010-11-03,37.40,38.18,37.28,38.10,7103400,37.70
2010-11-02,37.71,37.75,37.22,37.44,6581700,37.05
2010-11-01,37.85,37.88,36.77,37.36,8525300,36.97
2010-10-29,38.21,38.79,37.56,37.63,9169400,37.24
2010-10-28,38.25,38.62,37.84,38.05,10307700,37.65
2010-10-27,37.29,38.10,36.90,37.87,10808600,37.48
2010-10-26,37.15,37.60,36.63,37.19,10497700,36.80
2010-10-25,37.21,37.98,37.07,37.41,9253300,37.02
2010-10-22,38.70,38.73,36.96,36.99,23691900,36.61
2010-10-21,38.55,38.55,36.77,37.12,21091300,36.73
2010-10-20,38.38,39.33,37.21,38.31,19576600,37.91
2010-10-19,38.21,39.70,37.41,38.13,13921000,37.73
2010-10-18,39.60,40.37,38.73,38.91,9889600,38.51
2010-10-15,38.97,39.33,38.39,39.21,8601500,38.80
2010-10-14,39.60,39.80,38.20,38.70,12296300,38.30
2010-10-13,40.59,40.78,39.54,39.94,11154500,39.53
2010-10-12,39.13,40.33,39.04,40.07,8060000,39.65
2010-10-11,39.52,40.00,39.11,39.44,6896400,39.03
2010-10-08,37.65,39.66,37.25,39.52,12161700,39.11
2010-10-07,37.67,37.93,37.00,37.25,6117600,36.86
2010-10-06,37.83,38.65,36.86,37.32,9123200,36.93
2010-10-05,36.93,37.84,36.51,37.64,8896500,37.25
2010-10-04,37.00,37.14,35.94,36.28,7268600,35.90
2010-10-01,37.23,37.50,36.55,37.03,7192000,36.65
2010-09-30,38.10,38.15,36.03,36.65,11196100,36.27
2010-09-29,35.95,38.30,35.80,37.64,15111900,37.25
2010-09-28,36.00,36.35,35.50,35.98,8498100,35.61
2010-09-27,35.87,36.37,35.30,35.89,8006900,35.52
2010-09-24,35.84,36.05,35.39,35.85,10467900,35.48
2010-09-23,35.31,36.07,34.88,35.28,10526200,34.91
2010-09-22,34.85,35.94,34.59,35.75,12737200,35.38
2010-09-21,36.98,37.13,35.12,35.47,25194200,35.10
2010-09-20,38.25,38.36,36.90,37.76,13234100,37.37
2010-09-17,39.16,39.28,37.49,38.12,15258400,37.72
2010-09-16,39.68,39.68,38.75,39.31,8793600,38.90
2010-09-15,39.06,39.88,39.02,39.73,7537400,39.32
2010-09-14,38.57,39.84,38.05,39.51,12803700,39.10
2010-09-13,37.65,39.04,37.62,38.79,11032000,38.39
2010-09-10,38.12,38.25,36.27,36.94,10538700,36.56
2010-09-09,38.34,38.74,37.51,37.95,10720000,37.56
2010-09-08,36.90,37.80,36.67,37.51,10567000,37.12
2010-09-07,37.11,37.48,36.50,36.61,10183500,36.23
2010-09-03,37.00,37.54,36.59,36.95,12562400,36.57
2010-09-02,35.07,36.34,34.14,36.01,16832400,35.64
2010-09-01,33.93,35.40,33.75,34.81,14269700,34.45
2010-08-31,34.12,34.20,33.03,33.13,16130700,32.79
2010-08-30,34.59,34.97,34.06,34.26,14731800,33.90
2010-08-27,36.28,36.53,33.60,34.19,29008300,33.83
2010-08-26,38.44,38.44,35.39,35.78,19326000,35.41
2010-08-25,37.63,38.04,36.27,37.76,21359200,37.37
2010-08-24,39.08,39.20,37.82,38.27,18571800,37.87
2010-08-23,42.00,42.11,40.72,40.73,10979200,40.31
2010-08-20,41.57,41.85,40.89,41.50,19697900,41.07
2010-08-19,43.48,43.96,41.80,41.90,17413100,41.46
2010-08-18,43.43,44.99,42.94,44.86,9850600,44.39
2010-08-17,43.10,44.17,42.69,43.57,7965300,43.12
2010-08-16,41.31,42.96,40.77,42.51,7200900,42.07
2010-08-13,42.17,42.83,41.54,41.54,6341000,41.11
2010-08-12,41.60,42.83,41.18,42.22,7090600,41.78
2010-08-11,44.50,44.58,42.25,42.83,12514400,42.39
2010-08-10,45.63,45.94,44.70,45.60,9314800,45.13
2010-08-09,45.73,46.60,45.15,46.37,7857400,45.89
2010-08-06,45.06,45.45,44.21,45.14,7868400,44.67
2010-08-05,45.92,46.45,45.40,45.70,5869600,45.23
2010-08-04,45.11,46.24,45.05,46.23,8125700,45.75
2010-08-03,45.31,45.35,44.39,45.08,6994500,44.61
2010-08-02,44.50,45.48,44.01,45.31,9115700,44.84
2010-07-30,43.00,43.82,42.40,43.70,8840800,43.25
2010-07-29,43.53,44.08,42.50,43.65,10943900,43.20
2010-07-28,43.64,44.43,42.65,43.07,10793700,42.62
2010-07-27,42.89,43.89,42.25,43.53,12472700,43.08
2010-07-26,41.57,42.48,41.45,42.41,9299900,41.97
2010-07-23,40.43,41.44,39.90,41.43,24875600,41.00
2010-07-22,43.22,43.67,42.10,43.10,14804600,42.65
2010-07-21,43.00,43.47,41.94,42.12,13704400,41.68
2010-07-20,40.52,42.33,39.45,42.28,14360800,41.84
2010-07-19,41.97,42.55,41.16,41.79,9685200,41.36
2010-07-16,43.79,43.84,41.81,41.93,11798800,41.49
2010-07-15,44.87,45.09,43.58,43.97,9590800,43.51
2010-07-14,46.68,46.74,44.69,45.13,11917700,44.66
2010-07-13,46.78,46.80,45.00,45.71,12517100,45.24
2010-07-12,44.16,46.09,43.95,45.81,15268100,45.33
2010-07-09,43.27,43.36,42.32,42.90,8993600,42.45
2010-07-08,44.49,44.90,42.83,43.54,11319700,43.09
2010-07-07,42.22,43.62,41.90,43.53,10330800,43.08
2010-07-06,42.54,43.20,41.01,41.77,10674300,41.34
2010-07-02,42.87,42.87,40.73,41.47,8892700,41.04
2010-07-01,42.27,42.87,40.15,42.17,15367100,41.73
2010-06-30,43.21,44.32,41.80,42.07,11680000,41.63
2010-06-29,44.70,44.78,42.30,42.64,15587100,42.20
2010-06-28,46.55,47.43,45.83,45.84,11060400,45.36
2010-06-25,46.37,46.47,44.94,46.10,13164100,45.62
2010-06-24,46.77,47.08,45.67,45.80,11006600,45.32
2010-06-23,47.25,47.67,45.73,46.87,11504800,46.38
2010-06-22,48.50,49.40,47.00,47.08,10804200,46.59
2010-06-21,50.18,50.55,47.66,48.04,12112400,47.54
2010-06-18,49.72,49.79,48.84,49.02,8804900,48.51
2010-06-17,49.69,49.81,48.43,49.70,9996700,49.18
2010-06-16,48.63,50.29,48.40,49.39,15243200,48.88
2010-06-15,47.80,48.92,47.62,48.68,15939100,48.17
2010-06-14,46.15,48.25,46.11,47.34,22188600,46.85
2010-06-11,43.60,44.69,42.81,44.60,8974100,44.14
2010-06-10,43.81,44.72,43.55,44.49,8497000,44.03
2010-06-09,43.36,44.98,42.48,42.75,12460800,42.31
2010-06-08,43.79,44.14,41.32,43.03,12028600,42.58
2010-06-07,45.03,45.83,43.07,43.22,12525700,42.77
2010-06-04,46.00,47.27,44.71,44.88,12699900,44.41
2010-06-03,46.88,47.38,45.97,47.10,9731400,46.61
2010-06-02,45.59,46.64,45.18,46.43,10889400,45.95
2010-06-01,46.05,47.50,44.92,45.00,11168000,44.53
2010-05-28,47.00,47.51,45.56,46.62,12776800,46.14
2010-05-27,44.89,46.88,44.56,46.85,15934800,46.36
2010-05-26,43.74,45.96,43.20,43.56,20406700,43.11
2010-05-25,40.26,43.28,40.06,43.18,11718000,42.73
2010-05-24,41.72,42.64,41.59,41.81,8672300,41.38
2010-05-21,38.93,41.88,38.63,41.48,11477000,41.05
2010-05-20,39.20,40.88,38.62,39.66,13590800,39.25
2010-05-19,40.64,41.97,39.73,40.42,10444100,40.00
2010-05-18,43.32,43.72,41.13,41.45,10272600,41.02
2010-05-17,41.64,42.77,40.42,42.68,11209800,42.24
2010-05-14,42.20,42.48,40.35,41.90,10942700,41.46
2010-05-13,43.92,45.20,42.57,42.82,11283800,42.38
2010-05-12,42.95,44.40,42.76,44.27,14419000,43.81
2010-05-11,40.75,43.20,40.72,42.25,11931400,41.81
2010-05-10,40.18,41.60,40.15,41.54,15230500,41.11
2010-05-07,39.82,40.62,35.12,37.61,25482700,37.22
2010-05-06,41.47,43.08,34.00,39.76,18210700,39.35
2010-05-05,40.80,42.25,39.76,41.82,12106700,41.39
2010-05-04,42.70,42.78,40.80,41.69,14418500,41.26
2010-05-03,40.33,44.01,40.31,43.52,17646900,43.07
2010-04-30,42.02,42.10,39.75,39.84,10311400,39.43
2010-04-29,42.00,42.22,41.36,42.02,6296400,41.58
2010-04-28,41.99,42.40,40.75,41.83,13659400,41.40
2010-04-27,43.18,43.25,41.56,41.81,13308700,41.38
2010-04-26,44.19,44.89,43.49,43.52,16663700,43.07
2010-04-23,42.16,44.77,41.69,44.61,21323700,44.15
2010-04-22,39.61,42.47,39.13,42.22,26150900,41.78
2010-04-21,38.15,38.60,36.95,37.59,13757100,37.20
2010-04-20,36.93,37.62,36.53,37.38,7318400,36.99
2010-04-19,36.79,37.49,35.33,36.69,14110300,36.31
2010-04-16,38.29,38.42,36.93,37.74,13664500,37.35
2010-04-15,37.95,39.55,37.82,38.63,12535200,38.23
2010-04-14,36.93,38.44,36.93,37.68,16037100,37.29
2010-04-13,36.17,36.68,35.88,35.96,5861800,35.59
2010-04-12,36.10,36.88,36.07,36.25,5647800,35.87
2010-04-09,35.72,36.10,35.26,36.03,5689100,35.66
2010-04-08,35.50,35.78,34.70,35.63,6374000,35.26
2010-04-07,35.95,36.24,35.33,35.74,6420100,35.37
2010-04-06,35.71,36.02,35.35,35.84,5626400,35.47
2010-04-05,35.08,36.11,34.95,35.99,7735800,35.62
2010-04-01,35.20,35.85,34.32,34.71,7690700,34.35
2010-03-31,34.60,35.20,34.53,34.63,5247500,34.27
2010-03-30,35.41,35.72,34.63,34.98,6154700,34.62
2010-03-29,35.06,35.64,34.96,35.13,5701900,34.77
2010-03-26,35.38,35.44,34.57,34.70,9596200,34.34
2010-03-25,35.74,36.25,34.80,34.95,8471300,34.59
2010-03-24,34.71,35.49,34.31,35.18,10888800,34.81
2010-03-23,33.95,35.38,33.92,34.83,12776800,34.47
2010-03-22,32.00,34.00,31.82,33.82,8124500,33.47
2010-03-19,33.04,33.11,31.82,32.25,8430700,31.91
2010-03-18,33.35,33.42,32.80,33.05,6197300,32.71
2010-03-17,33.90,34.25,33.18,33.29,7785600,32.94
2010-03-16,33.77,34.28,33.28,33.87,6423300,33.52
2010-03-15,33.45,33.79,33.00,33.51,5484000,33.16
2010-03-12,34.32,34.49,33.58,33.80,7366500,33.45
2010-03-11,34.10,34.24,33.46,34.21,6845000,33.85
2010-03-10,33.62,34.77,33.56,34.06,9477500,33.71
2010-03-09,33.41,34.25,33.07,33.49,7894000,33.14
2010-03-08,33.50,34.00,33.40,33.41,8730300,33.06
2010-03-05,32.58,33.75,32.50,33.32,11070600,32.97
2010-03-04,31.88,32.30,31.52,32.17,8383700,31.84
2010-03-03,32.50,32.65,31.53,31.80,11031200,31.47
2010-03-02,32.76,33.25,32.27,32.48,12290200,32.14
2010-03-01,29.85,32.75,29.85,32.63,21311800,32.29
2010-02-26,28.63,29.24,28.07,29.15,8043700,28.85
2010-02-25,27.97,28.66,27.55,28.52,7879400,28.22
2010-02-24,27.91,28.65,27.87,28.23,7242300,27.94
2010-02-23,28.63,28.70,27.36,27.77,11375400,27.48
2010-02-22,29.40,29.60,28.70,29.02,6551900,28.72
2010-02-19,28.56,29.49,28.56,29.13,6266900,28.83
2010-02-18,28.62,29.10,28.20,28.96,7455900,28.66
2010-02-17,28.41,29.35,28.10,28.82,18238300,28.52
2010-02-16,27.29,27.57,27.10,27.34,9389300,27.06
2010-02-12,26.41,27.03,26.03,26.98,9659600,26.70
2010-02-11,26.03,27.18,25.82,26.79,10362000,26.51
2010-02-10,26.66,26.80,25.62,26.09,8479700,25.82
2010-02-09,26.91,27.04,25.96,26.76,11136000,26.48
2010-02-08,26.15,27.00,25.86,26.37,6712700,26.10
2010-02-05,25.46,26.17,25.15,26.09,10640300,25.82
2010-02-04,26.56,26.56,25.47,25.65,9526100,25.38
2010-02-03,26.66,27.17,26.57,26.92,8353500,26.64
2010-02-02,26.44,27.07,26.11,26.92,10309700,26.64
2010-02-01,25.44,26.44,25.11,26.26,12773400,25.99
2010-01-29,27.23,27.49,24.90,25.42,36262200,25.16
2010-01-28,30.36,30.50,28.62,28.78,17800600,28.48
2010-01-27,29.21,30.00,28.62,29.94,13108700,29.63
2010-01-26,28.92,29.80,28.53,29.23,9723400,28.93
2010-01-25,28.95,29.48,28.57,29.17,10821000,28.87
2010-01-22,29.31,29.87,28.28,28.39,13723400,28.10
2010-01-21,29.46,30.16,28.81,29.36,10424900,29.05
2010-01-20,29.53,29.58,28.58,29.20,9064400,28.90
2010-01-19,28.38,30.11,28.25,30.05,11820400,29.74
2010-01-15,29.43,29.71,27.79,27.98,14386900,27.69
2010-01-14,30.01,30.11,29.32,29.57,5300000,29.26
2010-01-13,29.24,30.30,29.03,30.14,7479600,29.83
2010-01-12,30.11,30.38,28.61,29.03,11259100,28.73
2010-01-11,31.48,31.48,30.17,30.49,7435600,30.17
2010-01-08,30.31,31.25,30.30,31.13,6400700,30.81
2010-01-07,31.51,31.51,30.08,30.37,10603300,30.05
2010-01-06,30.76,32.08,30.68,31.43,12631200,31.10
2010-01-05,30.69,31.04,30.06,30.59,11092000,30.27
2010-01-04,29.70,30.49,29.54,30.39,10144800,30.07
2009-12-31,29.44,30.10,28.96,28.99,8611600,28.69
2009-12-30,28.48,29.35,28.31,29.30,9435300,29.00
2009-12-29,29.59,29.70,28.35,28.53,13471400,28.23
2009-12-28,30.25,31.18,29.20,29.62,16983400,29.31
2009-12-24,28.39,30.14,28.27,30.13,10076300,29.82
2009-12-23,27.76,28.49,27.75,28.27,12120000,27.98
2009-12-22,26.75,27.54,26.65,27.44,10046000,27.15
2009-12-21,25.35,26.81,25.31,26.63,13502400,26.35
2009-12-18,24.78,25.38,24.47,25.08,22583200,24.82
2009-12-17,24.25,24.66,23.90,24.62,8319100,24.36
2009-12-16,24.05,24.55,23.82,24.39,6380300,24.14
2009-12-15,23.28,24.14,23.27,23.82,7613000,23.57
2009-12-14,23.10,23.63,23.03,23.56,5008100,23.32
2009-12-11,22.92,23.14,22.70,22.92,5103300,22.68
2009-12-10,22.78,22.95,22.51,22.73,4956200,22.49
2009-12-09,22.25,22.75,21.86,22.74,5716200,22.50
2009-12-08,21.99,22.76,21.93,22.42,5086300,22.19
2009-12-07,21.78,22.36,21.68,22.11,3086900,21.88
2009-12-04,21.90,22.28,21.43,21.94,6506900,21.71
2009-12-03,21.65,21.98,21.38,21.43,5811400,21.21
2009-12-02,20.85,21.76,20.75,21.59,10705200,21.37
2009-12-01,19.82,20.98,19.82,20.86,8860800,20.64
2009-11-30,19.66,19.86,19.18,19.72,5492700,19.52
2009-11-27,19.68,19.91,19.25,19.66,2603700,19.46
2009-11-25,19.85,20.46,19.83,20.31,5180900,20.10
2009-11-24,20.31,20.40,19.77,19.82,5510800,19.61
2009-11-23,20.49,20.69,20.23,20.34,4488500,20.13
2009-11-20,19.94,20.29,19.81,20.24,5821300,20.03
2009-11-19,20.87,20.87,20.00,20.12,9014400,19.91
2009-11-18,21.47,21.60,21.04,21.16,5433000,20.94
2009-11-17,21.50,21.75,21.26,21.59,3689800,21.37
2009-11-16,22.02,22.15,21.41,21.59,6852600,21.37
2009-11-13,21.54,21.95,21.30,21.95,5539400,21.72
2009-11-12,21.31,21.64,21.10,21.41,5683000,21.19
2009-11-11,21.58,22.00,21.26,21.31,5838800,21.09
2009-11-10,21.81,21.81,21.24,21.32,5146000,21.10
2009-11-09,21.08,21.94,20.92,21.82,7091800,21.59
2009-11-06,20.67,20.97,20.35,20.82,5694300,20.60
2009-11-05,20.65,21.04,20.35,20.97,8107400,20.75
2009-11-04,20.69,20.90,20.41,20.49,8881400,20.28
2009-11-03,20.05,20.42,19.61,20.31,10712500,20.10
2009-11-02,20.75,21.37,20.36,20.86,7939300,20.64
2009-10-30,21.89,22.44,20.41,20.48,10293600,20.27
2009-10-29,22.01,22.38,21.45,21.92,9584800,21.69
2009-10-28,22.02,22.34,21.30,21.62,13480100,21.40
2009-10-27,23.90,24.38,22.36,22.69,14056000,22.45
2009-10-26,22.20,24.61,22.12,24.01,24640100,23.76
2009-10-23,23.28,23.28,22.05,22.12,8407600,21.89
2009-10-22,23.72,23.76,22.45,22.85,17254700,22.61
2009-10-21,22.55,24.25,22.49,23.53,34914800,23.29
2009-10-20,21.89,22.10,21.06,21.48,18115500,21.26
2009-10-19,21.29,21.57,20.85,21.46,5203800,21.24
2009-10-16,21.68,21.86,20.67,20.98,9523800,20.76
2009-10-15,22.20,22.38,21.70,22.00,6319500,21.77
2009-10-14,21.67,22.55,21.49,22.48,10754300,22.25
2009-10-13,21.08,21.39,20.90,21.18,7013800,20.96
2009-10-12,21.14,21.35,20.65,21.02,8911700,20.80
2009-10-09,21.43,21.67,21.24,21.44,9226600,21.22
2009-10-08,21.54,21.74,21.16,21.24,5678000,21.02
2009-10-07,21.22,21.71,21.11,21.29,4451900,21.07
2009-10-06,21.21,21.45,20.89,21.42,6965300,21.20
2009-10-05,20.44,21.00,20.05,20.94,6781300,20.72
2009-10-02,20.09,20.54,19.62,20.09,6345500,19.88
2009-10-01,21.77,21.94,20.37,20.40,9470200,20.19
2009-09-30,21.75,22.15,21.20,21.70,7532800,21.47
2009-09-29,22.48,22.50,21.75,21.76,6049400,21.53
2009-09-28,21.45,22.34,21.36,22.34,6031400,22.11
2009-09-25,21.66,21.76,21.23,21.25,8968500,21.03
2009-09-24,22.66,22.80,21.65,21.83,8238400,21.60
2009-09-23,22.96,23.11,22.51,22.58,5709400,22.35
2009-09-22,23.19,23.20,22.80,22.88,6005100,22.64
2009-09-21,22.75,23.14,22.50,22.93,8463700,22.69
2009-09-18,22.65,22.95,22.25,22.84,12050900,22.60
2009-09-17,21.32,21.89,21.00,21.66,10267200,21.43
2009-09-16,21.26,21.35,20.83,21.20,11417100,20.98
2009-09-15,20.26,20.73,20.01,20.63,6306900,20.42
2009-09-14,19.55,20.43,19.38,20.38,9550200,20.17
2009-09-11,19.67,19.76,19.31,19.75,5446200,19.54
2009-09-10,19.27,19.65,19.11,19.61,5651100,19.41
2009-09-09,18.85,19.55,18.62,19.32,12616100,19.12
2009-09-08,17.70,18.25,17.55,18.21,5266100,18.02
2009-09-04,16.95,17.48,16.94,17.46,4026100,17.28
2009-09-03,16.99,17.14,16.63,16.99,5944200,16.81
2009-09-02,16.76,17.22,16.65,16.70,5224100,16.53
2009-09-01,17.63,18.20,16.77,16.83,7143800,16.66
2009-08-31,17.73,17.91,17.42,17.70,3196100,17.52
2009-08-28,18.18,18.46,17.80,18.03,5734900,17.84
2009-08-27,17.48,17.73,16.87,17.73,4756700,17.55
2009-08-26,17.85,17.93,17.44,17.68,4685900,17.50
2009-08-25,17.24,17.95,17.19,17.80,7556400,17.62
2009-08-24,16.94,17.49,16.88,17.12,5504300,16.94
2009-08-21,16.98,16.99,16.60,16.88,6325700,16.70
2009-08-20,16.67,16.92,16.61,16.75,2466300,16.58
2009-08-19,16.34,16.84,16.23,16.71,4109000,16.54
2009-08-18,16.49,16.74,16.44,16.59,3777200,16.42
2009-08-17,16.39,16.52,16.22,16.44,5614000,16.27
2009-08-14,17.25,17.25,16.62,16.88,4291600,16.70
2009-08-13,17.41,17.45,16.81,17.23,7991000,17.05
2009-08-12,16.92,17.46,16.75,17.24,6039400,17.06
2009-08-11,17.00,17.03,16.56,16.75,6381600,16.58
2009-08-10,17.62,17.78,17.03,17.15,5297100,16.97
2009-08-07,17.73,18.10,17.61,17.84,3955300,17.65
2009-08-06,17.86,18.10,17.55,17.68,4601000,17.50
2009-08-05,18.00,18.26,17.75,17.94,3857400,17.75
2009-08-04,18.00,18.26,17.93,18.14,4645800,17.95
2009-08-03,18.18,18.32,18.03,18.28,5081700,18.09
2009-07-31,17.82,18.17,17.76,17.82,5249700,17.63
2009-07-30,18.00,18.39,17.87,17.89,5365900,17.70
2009-07-29,17.94,17.96,17.52,17.70,5612600,17.52
2009-07-28,17.37,18.16,17.27,18.00,7815600,17.81
2009-07-27,17.24,17.60,16.97,17.58,7376400,17.40
2009-07-24,16.69,17.29,16.45,17.09,9933300,16.91
2009-07-23,17.27,17.41,16.21,16.92,33903300,16.74
2009-07-22,18.38,19.00,18.28,18.99,17371800,18.79
2009-07-21,18.84,18.84,17.96,18.23,10808600,18.04
2009-07-20,18.28,18.72,18.14,18.62,7899300,18.43
2009-07-17,17.66,18.18,17.51,18.03,9895800,17.84
2009-07-16,16.97,17.77,16.63,17.67,18548200,17.49
2009-07-15,16.10,16.32,15.90,16.20,8657900,16.03
2009-07-14,15.30,15.54,15.00,15.47,5169500,15.31
2009-07-13,14.88,15.26,14.51,15.25,7354900,15.09
2009-07-10,14.02,14.65,13.92,14.47,5746800,14.32
2009-07-09,13.57,14.26,13.46,14.02,5909600,13.87
2009-07-08,13.60,13.66,13.02,13.33,12616700,13.19
2009-07-07,14.19,14.39,13.55,13.57,4636000,13.43
2009-07-06,14.06,14.55,13.80,14.18,5505600,14.03
2009-07-02,14.58,14.70,14.16,14.19,3401600,14.04
2009-07-01,14.98,15.15,14.71,14.87,3387600,14.72
2009-06-30,14.88,15.10,14.52,14.70,3156600,14.55
2009-06-29,14.82,15.20,14.71,14.80,5661800,14.65
2009-06-26,14.29,14.88,14.26,14.87,5908700,14.72
2009-06-25,13.86,14.65,13.82,14.46,5339600,14.31
2009-06-24,13.76,14.34,13.76,14.10,4230400,13.95
2009-06-23,13.65,13.87,13.37,13.69,5164800,13.55
2009-06-22,14.38,14.55,13.55,13.55,5859400,13.41
2009-06-19,14.09,14.67,14.07,14.55,5687100,14.40
2009-06-18,14.62,14.74,13.96,14.13,10690600,13.98
2009-06-17,14.81,15.21,14.59,15.05,6379000,14.89
2009-06-16,15.13,15.52,14.80,14.81,4967100,14.66
2009-06-15,15.30,15.47,14.97,15.07,4623100,14.91
2009-06-12,15.61,15.61,14.88,15.55,6994400,15.39
2009-06-11,16.25,16.34,15.54,15.70,7857300,15.54
2009-06-10,16.50,16.72,15.67,16.16,7290600,15.99
2009-06-09,15.87,16.48,15.77,16.44,9801700,16.27
2009-06-08,15.55,15.66,15.18,15.58,5827300,15.42
2009-06-05,16.00,16.00,15.27,15.67,6533700,15.51
2009-06-04,15.32,15.93,14.75,15.81,8226500,15.65
2009-06-03,15.18,15.21,14.75,15.15,6678600,14.99
2009-06-02,16.00,16.05,15.35,15.43,7567300,15.27
2009-06-01,15.95,16.23,15.78,16.05,9049200,15.88
2009-05-29,15.24,15.77,14.92,15.66,8454500,15.50
2009-05-28,16.00,16.10,14.85,15.17,12209100,15.01
2009-05-27,15.94,16.33,15.38,15.52,26199900,15.36
2009-05-26,13.10,13.67,13.05,13.58,5095700,13.44
2009-05-22,13.62,13.68,13.11,13.27,4559100,13.13
2009-05-21,13.65,13.85,13.10,13.45,7325600,13.31
2009-05-20,14.60,14.92,13.62,13.71,8588700,13.57
2009-05-19,14.60,15.09,14.38,14.45,8638800,14.30
2009-05-18,13.98,14.78,13.89,14.73,8675600,14.58
2009-05-15,13.47,14.00,13.41,13.90,10414900,13.76
2009-05-14,12.31,13.32,12.22,13.13,10360200,12.99
2009-05-13,12.50,12.90,12.04,12.21,8425100,12.08
2009-05-12,13.57,13.64,12.40,12.61,11359000,12.48
2009-05-11,13.70,13.73,13.05,13.44,7429600,13.30
2009-05-08,14.96,15.22,13.79,14.07,8572000,13.92
2009-05-07,16.10,16.26,14.50,14.82,8055200,14.67
2009-05-06,16.21,16.48,15.59,15.90,5079600,15.73
2009-05-05,16.06,16.25,15.77,16.00,4701500,15.83
2009-05-04,15.26,16.43,15.26,16.42,5947800,16.25
2009-05-01,15.72,15.98,14.99,15.16,5994500,15.00
2009-04-30,15.69,16.20,15.51,15.72,5205000,15.56
2009-04-29,15.14,15.87,15.03,15.48,3738100,15.32
2009-04-28,14.57,15.14,14.32,14.82,4367800,14.67
2009-04-27,15.26,15.70,14.61,14.72,7217000,14.57
2009-04-24,15.42,16.00,15.35,15.62,5901300,15.46
2009-04-23,15.68,15.97,15.00,15.44,7397600,15.28
2009-04-22,14.86,15.95,14.69,15.54,19389200,15.38
2009-04-21,13.20,14.10,13.07,13.71,10823700,13.57
2009-04-20,14.14,14.48,13.22,13.40,7530600,13.26
2009-04-17,14.46,15.05,14.46,14.82,8529200,14.67
2009-04-16,13.74,14.71,13.53,14.43,8212400,14.28
2009-04-15,13.61,13.71,13.22,13.55,5330300,13.41
2009-04-14,14.18,14.55,13.60,13.62,6004200,13.48
2009-04-13,14.37,14.53,13.99,14.42,6270800,14.27
2009-04-09,14.00,14.49,13.95,14.48,10247400,14.33
2009-04-08,13.00,13.21,12.52,13.01,8729500,12.87
2009-04-07,13.53,13.71,12.76,12.76,6064400,12.63
2009-04-06,13.70,13.84,13.42,13.69,5440700,13.55
2009-04-03,13.37,14.10,13.22,14.09,6743500,13.94
2009-04-02,13.04,13.69,12.90,13.30,6495100,13.16
2009-04-01,12.41,12.80,12.10,12.50,7366900,12.37
2009-03-31,12.47,12.98,12.45,12.65,4842300,12.52
2009-03-30,12.75,12.80,11.87,12.14,4901900,12.01
2009-03-27,13.09,13.43,12.89,13.08,4676000,12.94
2009-03-26,12.79,13.49,12.55,13.37,8146800,13.23
2009-03-25,11.89,12.85,11.77,12.36,9520000,12.23
2009-03-24,10.89,12.29,10.85,11.89,9455500,11.77
2009-03-23,10.49,11.25,10.45,11.25,5393700,11.13
2009-03-20,10.88,11.03,10.14,10.15,6202300,10.04
2009-03-19,11.07,11.25,10.56,10.61,5625100,10.50
2009-03-18,10.11,11.15,10.10,10.93,7763700,10.82
2009-03-17,9.86,10.26,9.64,10.26,5676700,10.15
2009-03-16,10.51,10.55,9.75,9.83,11399200,9.73
2009-03-13,9.94,11.27,9.73,11.05,18287100,10.94
2009-03-12,9.60,10.00,9.56,9.95,7134600,9.85
2009-03-11,9.16,9.82,8.93,9.58,8986700,9.48
2009-03-10,7.85,9.15,7.76,9.12,14548700,9.03
2009-03-09,7.70,8.08,7.57,7.65,4542500,7.57
2009-03-06,8.22,8.45,7.53,7.79,6982500,7.71
2009-03-05,8.00,8.43,7.92,8.16,5785300,8.08
2009-03-04,8.21,8.46,7.93,8.12,7625900,8.04
2009-03-03,8.29,8.44,7.89,8.05,6425400,7.97
2009-03-02,8.80,8.87,7.88,8.01,8778500,7.93
2009-02-27,9.50,9.75,8.89,8.91,9638500,8.82
2009-02-26,9.73,10.40,9.65,9.75,6808300,9.65
2009-02-25,9.28,10.03,9.05,9.76,4780300,9.66
2009-02-24,8.92,9.48,8.91,9.41,4963000,9.31
2009-02-23,9.37,9.65,8.86,8.88,4283400,8.79
2009-02-20,9.35,9.72,8.99,9.36,6815100,9.26
2009-02-19,10.18,10.37,9.50,9.52,3814000,9.42
2009-02-18,10.11,10.32,9.77,10.05,3855200,9.95
2009-02-17,10.18,10.32,9.88,10.08,5083900,9.98
2009-02-13,10.98,11.00,10.56,10.72,4172300,10.61
2009-02-12,10.26,10.98,10.08,10.80,5951900,10.69
2009-02-11,10.90,11.00,9.77,10.45,6696100,10.34
2009-02-10,11.15,11.69,10.66,10.82,6903200,10.71
2009-02-09,11.00,11.50,10.82,11.12,7317100,11.00
2009-02-06,10.05,11.20,9.95,11.05,8352100,10.94
2009-02-05,9.21,10.04,8.88,10.01,9171800,9.91
2009-02-04,8.60,9.49,8.60,9.29,9595500,9.19
2009-02-03,8.72,9.10,8.24,8.66,33131700,8.57
2009-02-02,11.00,11.41,10.45,11.28,11786400,11.16
2009-01-30,12.30,12.42,11.29,11.43,5684000,11.31
2009-01-29,12.69,13.50,12.13,12.19,6387600,12.06
2009-01-28,12.04,12.73,11.66,12.69,5563100,12.56
2009-01-27,11.90,12.18,11.70,11.96,3482100,11.84
2009-01-26,11.99,12.07,11.50,11.77,5024800,11.65
2009-01-23,11.01,12.01,10.90,11.75,4926100,11.63
2009-01-22,11.29,11.92,11.21,11.47,4646900,11.35
2009-01-21,11.11,11.70,10.62,11.66,5321500,11.54
2009-01-20,11.56,11.85,10.59,10.74,6842800,10.63
2009-01-16,11.72,12.08,11.31,12.03,6649000,11.91
2009-01-15,11.02,11.57,10.62,11.31,7403100,11.19
2009-01-14,11.37,11.40,10.52,10.82,6926600,10.71
2009-01-13,11.50,11.78,11.06,11.54,7243400,11.42
2009-01-12,12.34,12.34,11.46,11.69,5952000,11.57
2009-01-09,12.55,12.68,12.09,12.30,5006700,12.17
2009-01-08,12.48,12.61,11.94,12.41,8001600,12.28
2009-01-07,12.87,13.07,12.29,12.51,10053600,12.38
2009-01-06,12.35,13.20,12.00,12.94,12579500,12.81
2009-01-05,11.08,12.50,11.06,12.13,13055100,12.00
2009-01-02,9.70,11.31,9.59,11.08,9684600,10.96
2008-12-31,9.00,9.73,8.95,9.60,4983500,9.50
2008-12-30,9.05,9.18,8.88,9.17,3490700,9.07
2008-12-29,9.07,9.25,8.82,9.06,2262100,8.97
2008-12-26,9.22,9.37,9.02,9.18,1682000,9.08
2008-12-24,8.75,9.12,8.70,9.11,1913200,9.02
2008-12-23,9.21,9.52,8.75,8.79,4274100,8.70
2008-12-22,9.54,9.95,9.19,9.38,4404100,9.28
2008-12-19,9.44,10.02,9.32,9.60,11873400,9.50
2008-12-18,9.62,9.96,9.22,9.25,6338600,9.15
2008-12-17,9.07,10.00,8.99,9.79,8056300,9.69
2008-12-16,9.16,9.39,8.81,9.18,8772900,9.08
2008-12-15,9.69,10.00,8.81,9.02,6547000,8.93
2008-12-12,9.46,9.94,9.28,9.92,5184300,9.82
2008-12-11,9.72,10.42,9.59,9.74,7476100,9.64
2008-12-10,9.82,10.00,9.50,9.87,5451800,9.77
2008-12-09,9.40,10.31,9.20,9.54,9518300,9.44
2008-12-08,9.40,9.70,9.23,9.51,8872800,9.41
2008-12-05,8.03,9.26,7.95,9.23,12815600,9.13
2008-12-04,7.99,8.67,7.58,8.08,16723600,8.00
2008-12-03,6.88,9.24,6.82,9.02,20037500,8.93
2008-12-02,7.27,7.43,6.79,7.21,9069100,7.14
2008-12-01,7.70,7.72,7.00,7.20,8430200,7.13
2008-11-28,7.52,8.00,7.43,8.00,3372900,7.92
2008-11-26,6.80,7.56,6.65,7.56,9390900,7.48
2008-11-25,6.92,7.13,6.42,6.89,9321700,6.82
2008-11-24,5.85,6.89,5.75,6.78,10684700,6.71
2008-11-21,5.60,5.63,5.07,5.63,9748100,5.57
2008-11-20,6.20,6.26,5.29,5.32,12424800,5.26
2008-11-19,7.03,7.15,6.22,6.30,9171900,6.23
2008-11-18,7.30,7.42,6.73,7.07,5687900,7.00
2008-11-17,7.16,7.66,6.95,7.20,6474100,7.13
2008-11-14,7.55,7.63,7.05,7.15,8277100,7.08
2008-11-13,7.60,7.82,6.78,7.82,10955100,7.74
2008-11-12,8.60,8.68,7.66,7.70,6864800,7.62
2008-11-11,8.90,9.18,8.60,8.76,5439500,8.67
2008-11-10,10.03,10.19,9.00,9.08,6056700,8.99
2008-11-07,9.90,10.02,9.62,9.98,6481600,9.88
2008-11-06,10.05,10.36,9.65,9.84,8242000,9.74
2008-11-05,9.88,10.95,9.68,10.14,12514900,10.03
2008-11-04,9.52,9.98,9.33,9.96,9664300,9.86
2008-11-03,9.10,9.75,9.00,9.23,10548800,9.13
2008-10-31,8.13,9.23,7.95,8.89,13985900,8.80
2008-10-30,8.18,8.40,7.96,8.14,7615300,8.06
2008-10-29,8.00,8.28,7.77,7.95,11626500,7.87
2008-10-28,7.82,7.98,7.45,7.97,10553300,7.89
2008-10-27,7.96,8.38,7.50,7.53,12656000,7.45
2008-10-24,7.89,8.60,7.80,7.93,16965000,7.85
2008-10-23,9.94,10.20,8.77,9.14,23013700,9.05
2008-10-22,10.46,10.90,9.35,10.09,42610300,9.99
2008-10-21,13.94,15.47,13.80,14.76,18139100,14.61
2008-10-20,15.81,15.85,13.51,14.42,17446200,14.27
2008-10-17,16.41,16.90,15.50,15.51,10534200,15.35
2008-10-16,16.69,17.05,15.77,16.49,9352300,16.32
2008-10-15,16.85,17.34,16.25,16.60,8187600,16.43
2008-10-14,17.77,18.20,16.70,16.92,7107700,16.74
2008-10-13,16.75,17.29,15.50,17.18,9390200,17.00
2008-10-10,16.23,16.50,14.55,15.92,11804600,15.75
2008-10-09,18.35,18.79,16.86,17.03,7480100,16.85
2008-10-08,17.74,18.68,17.43,17.93,10054600,17.74
2008-10-07,18.41,19.55,18.00,18.03,10761000,17.84
2008-10-06,17.88,18.25,16.12,18.20,13537800,18.01
2008-10-03,20.44,20.69,18.26,18.38,6810200,18.19
2008-10-02,19.45,21.82,18.48,20.65,10381400,20.44
2008-10-01,19.60,20.18,19.17,20.00,6093000,19.79
2008-09-30,19.06,20.11,18.67,19.55,6642100,19.35
2008-09-29,21.05,21.32,18.54,18.81,8308500,18.61
2008-09-26,20.75,21.85,20.40,21.56,6204700,21.34
2008-09-25,21.83,21.87,20.85,21.62,5876600,21.40
2008-09-24,21.63,21.99,21.55,21.83,5830100,21.60
2008-09-23,22.23,22.95,21.55,21.72,8980900,21.49
2008-09-22,22.41,23.15,21.50,22.25,8838400,22.02
2008-09-19,23.45,23.47,20.99,22.52,11999000,22.29
2008-09-18,21.89,23.50,21.75,22.49,21023200,22.26
2008-09-17,21.66,22.15,20.25,20.92,32139300,20.70
2008-09-16,14.41,15.50,14.39,15.04,12272300,14.88
2008-09-15,15.05,15.41,14.38,14.41,8054600,14.26
2008-09-12,16.01,16.19,15.34,15.69,9260000,15.53
2008-09-11,15.49,16.72,15.10,16.39,10101300,16.22
2008-09-10,15.65,16.10,15.45,15.68,9192800,15.52
2008-09-09,16.05,16.26,15.16,15.40,18064600,15.24
2008-09-08,17.50,17.52,15.61,16.60,22696200,16.43
2008-09-05,16.98,17.84,16.57,17.64,54692100,17.46
2008-09-04,14.07,14.13,13.43,13.46,8007400,13.32
2008-09-03,14.23,14.43,14.00,14.13,6000500,13.98
2008-09-02,14.75,15.12,14.23,14.36,6701800,14.21
2008-08-29,15.02,15.02,14.37,14.46,6223600,14.31
2008-08-28,14.98,15.40,14.90,15.17,5123200,15.01
2008-08-27,14.32,15.07,14.26,14.83,6976200,14.68
2008-08-26,14.93,14.93,14.27,14.40,7874600,14.25
2008-08-25,14.86,15.28,14.75,14.82,6372500,14.67
2008-08-22,14.85,15.20,14.81,15.02,6567300,14.86
2008-08-21,14.78,14.86,14.42,14.73,6073600,14.58
2008-08-20,15.44,15.44,14.74,14.84,8959800,14.69
2008-08-19,15.75,15.85,15.06,15.19,10809300,15.03
2008-08-18,17.68,17.68,15.68,15.84,15609400,15.68
2008-08-15,17.62,17.96,17.47,17.64,7649300,17.46
2008-08-14,16.26,17.96,16.10,17.82,14228700,17.63
2008-08-13,17.16,17.29,16.05,16.27,10187200,16.10
2008-08-12,17.09,17.55,17.06,17.29,6821800,17.11
2008-08-11,16.74,17.66,16.67,17.13,8649600,16.95
2008-08-08,16.17,16.75,15.96,16.67,9219000,16.50
2008-08-07,14.87,16.82,14.85,16.17,16433500,16.00
2008-08-06,14.81,15.30,14.42,15.24,8466900,15.08
2008-08-05,14.64,14.81,14.31,14.79,7455300,14.64
2008-08-04,14.29,14.63,14.22,14.43,7193100,14.28
2008-08-01,14.22,14.40,13.66,14.36,7806900,14.21
2008-07-31,13.71,14.48,13.63,14.10,9909600,13.95
2008-07-30,13.87,13.96,13.43,13.72,11127300,13.58
2008-07-29,13.28,13.89,13.20,13.89,13912100,13.75
2008-07-28,13.52,13.91,13.20,13.35,8785300,13.21
2008-07-25,13.68,13.81,13.26,13.66,10849300,13.52
2008-07-24,14.50,14.68,13.48,13.52,13541200,13.38
2008-07-23,13.85,14.65,13.75,14.57,24124800,14.42
2008-07-22,14.28,14.45,13.06,13.62,48503300,13.48
2008-07-21,18.14,18.49,17.72,17.93,17475600,17.74
2008-07-18,18.13,18.13,17.30,17.57,12167500,17.39
2008-07-17,17.63,18.37,17.34,18.12,14817400,17.93
2008-07-16,16.68,17.39,16.47,17.36,8955600,17.18
2008-07-15,16.22,16.98,16.02,16.58,12314000,16.41
2008-07-14,16.90,17.15,16.32,16.55,8563800,16.38
2008-07-11,16.53,16.89,16.14,16.56,10697400,16.39
2008-07-10,17.25,17.44,16.45,16.97,13200100,16.79
2008-07-09,17.85,18.06,17.20,17.30,14723800,17.12
2008-07-08,17.67,18.10,17.20,17.83,10980100,17.64
2008-07-07,18.67,19.23,17.27,17.58,16141400,17.40
2008-07-03,18.77,18.94,18.09,18.43,7891500,18.24
2008-07-02,18.52,19.20,18.42,18.72,21164700,18.53
2008-07-01,18.31,18.43,17.18,17.62,21013500,17.44
2008-06-30,19.32,19.37,18.63,18.70,9461500,18.51
2008-06-27,19.77,19.90,18.95,19.23,12045600,19.03
2008-06-26,20.42,20.60,19.83,19.93,10810200,19.72
2008-06-25,21.09,21.48,20.83,20.99,9193000,20.77
2008-06-24,20.70,21.22,20.12,20.85,11689300,20.63
2008-06-23,21.31,21.49,20.60,20.78,9658400,20.56
2008-06-20,22.10,22.20,20.95,21.16,20801600,20.94
2008-06-19,23.14,23.62,22.60,23.44,9966900,23.20
2008-06-18,23.24,23.64,22.89,22.98,10714200,22.74
2008-06-17,24.07,24.52,23.61,23.71,7638000,23.46
2008-06-16,24.67,24.75,24.10,24.13,8145200,23.88
2008-06-13,23.68,24.37,23.23,24.02,7858400,23.77
2008-06-12,24.72,24.97,23.33,23.68,10546100,23.43
2008-06-11,25.00,25.31,24.30,24.48,9802500,24.23
2008-06-10,26.04,26.38,25.36,25.50,9840900,25.24
2008-06-09,27.74,27.97,26.20,26.52,10737600,26.24
2008-06-06,28.47,29.05,27.60,27.60,8885300,27.31
2008-06-05,28.58,29.04,28.31,28.71,5706200,28.41
2008-06-04,28.62,29.29,28.00,28.25,9989900,27.96
2008-06-03,27.65,29.18,27.50,28.85,11021300,28.55
2008-06-02,28.12,28.29,27.10,27.34,5699200,27.06
2008-05-30,28.12,28.66,28.00,28.31,5233500,28.02
2008-05-29,27.90,28.36,27.25,27.86,6722300,27.57
2008-05-28,28.14,28.36,27.60,28.10,5837400,27.81
2008-05-27,28.28,28.36,27.29,28.03,6705500,27.74
2008-05-23,28.45,28.65,27.81,28.26,7102000,27.97
2008-05-22,29.15,29.48,28.35,28.75,7092300,28.45
2008-05-21,28.89,29.75,28.54,28.98,9244700,28.68
2008-05-20,29.32,29.36,28.22,29.01,16804800,28.71
2008-05-19,32.40,32.66,29.50,30.02,15883800,29.71
2008-05-16,32.99,33.08,31.50,32.44,12597900,32.10
2008-05-15,32.18,33.17,31.76,33.10,10068600,32.76
2008-05-14,30.85,32.23,30.59,31.42,12743200,31.09
2008-05-13,29.60,30.94,29.57,30.59,11858500,30.27
2008-05-12,29.23,29.30,28.50,29.27,5343800,28.97
2008-05-09,28.64,29.47,28.27,29.18,5975100,28.88
2008-05-08,29.42,29.67,28.84,29.20,5754500,28.90
2008-05-07,29.90,30.19,28.77,29.28,8762100,28.98
2008-05-06,30.11,30.15,29.12,29.74,7894200,29.43
2008-05-05,28.95,30.58,28.92,29.78,9396000,29.47
2008-05-02,29.56,29.68,28.68,29.19,6160100,28.89
2008-05-01,27.29,29.11,27.12,29.03,9594100,28.73
2008-04-30,27.52,27.64,26.93,27.09,6860400,26.81
2008-04-29,26.95,27.55,26.67,26.99,4909800,26.71
2008-04-28,26.76,27.30,26.05,26.97,5654800,26.69
2008-04-25,27.66,27.79,26.13,26.84,8407100,26.56
2008-04-24,27.97,28.25,27.05,27.78,8599700,27.49
2008-04-23,27.38,28.47,27.25,27.89,8743200,27.60
2008-04-22,28.23,28.43,27.03,27.13,9063600,26.85
2008-04-21,27.68,28.80,27.35,28.52,12492600,28.22
2008-04-18,26.97,27.67,25.69,27.40,18464800,27.12
2008-04-17,26.89,27.00,25.67,25.90,10996800,25.63
2008-04-16,26.18,26.85,25.73,26.70,10642600,26.42
2008-04-15,25.51,25.60,24.10,24.81,9788800,24.55
2008-04-14,26.80,26.82,25.21,25.36,8793700,25.10
2008-04-11,25.84,27.50,25.64,26.40,13665900,26.13
2008-04-10,27.30,27.69,26.37,26.72,13205700,26.44
2008-04-09,25.70,27.35,25.60,27.21,15066200,26.93
2008-04-08,25.23,26.13,24.83,25.55,9395600,25.28
2008-04-07,26.40,26.84,25.27,25.57,9300800,25.30
2008-04-04,26.38,26.44,25.12,25.84,12783200,25.57
2008-04-03,24.44,27.07,24.37,26.47,17610800,26.20
2008-04-02,24.31,25.80,24.19,24.62,11924800,24.36
2008-04-01,23.37,25.06,23.33,24.77,13356800,24.51
2008-03-31,21.65,22.74,21.61,22.57,7394100,22.34
2008-03-28,21.99,22.00,21.22,21.26,5389200,21.04
2008-03-27,21.05,22.48,20.96,21.62,8836800,21.40
2008-03-26,21.57,21.70,21.01,21.17,4282200,20.95
2008-03-25,21.85,22.34,21.50,21.76,6568100,21.53
2008-03-24,20.65,22.07,20.49,21.77,7507200,21.54
2008-03-20,20.20,20.76,19.54,20.55,10537900,20.34
2008-03-19,22.49,22.49,20.76,20.76,9716600,20.54
2008-03-18,21.91,22.65,21.72,22.59,6656700,22.36
2008-03-17,21.35,22.18,21.21,21.60,7186500,21.38
2008-03-14,23.42,23.62,21.75,22.15,10797900,21.92
2008-03-13,22.21,23.62,22.17,23.00,15209600,22.76
2008-03-12,21.77,23.14,21.59,22.52,8642900,22.29
2008-03-11,21.35,21.84,21.16,21.79,8206300,21.56
2008-03-10,21.30,21.86,21.10,21.14,7331700,20.92
2008-03-07,21.83,22.41,21.16,21.41,12263900,21.19
2008-03-06,22.48,23.42,21.99,21.99,9108800,21.76
2008-03-05,22.80,22.98,22.37,22.43,8034900,22.20
2008-03-04,22.29,23.14,22.20,22.89,10643000,22.65
2008-03-03,23.40,23.54,22.76,23.05,6820900,22.81
2008-02-29,24.02,24.24,23.40,23.55,8345100,23.31
2008-02-28,25.08,25.14,24.24,24.32,8335400,24.07
2008-02-27,24.82,25.39,24.70,25.22,10139100,24.96
2008-02-26,26.11,26.11,24.52,24.90,12746000,24.64
2008-02-25,25.80,26.68,25.54,26.31,8093400,26.04
2008-02-22,25.97,26.11,24.50,25.65,6990500,25.38
2008-02-21,25.48,26.08,25.39,25.84,8303000,25.57
2008-02-20,25.06,25.73,24.85,25.49,6499100,25.23
2008-02-19,25.73,25.93,25.08,25.18,5502600,24.92
2008-02-15,25.87,26.37,25.16,25.37,8178100,25.11
2008-02-14,27.25,27.29,26.00,26.06,5636000,25.79
2008-02-13,26.43,27.30,26.34,27.11,6239500,26.83
2008-02-12,26.54,27.09,25.85,25.93,8476800,25.66
2008-02-11,26.36,26.74,26.21,26.47,4743500,26.20
2008-02-08,26.33,27.09,26.05,26.61,7279400,26.33
2008-02-07,25.73,27.00,25.25,26.56,10062600,26.28
2008-02-06,27.29,27.43,26.00,26.11,8628300,25.84
2008-02-05,27.15,28.06,26.83,27.08,10582800,26.80
2008-02-04,27.64,27.96,26.86,27.08,7480900,26.80
2008-02-01,25.63,27.86,25.37,27.55,12340300,27.26
2008-01-31,24.96,25.70,24.79,25.45,8818000,25.19
2008-01-30,24.95,25.69,24.75,25.15,9998900,24.89
2008-01-29,26.55,26.70,24.84,25.30,19855600,25.04
2008-01-28,25.90,26.48,24.71,25.89,16939300,25.62
2008-01-25,27.48,28.15,25.55,25.62,11007000,25.35
2008-01-24,25.79,26.92,25.52,26.75,9167500,26.47
2008-01-23,25.93,28.17,24.29,25.45,20129300,25.19
2008-01-22,26.15,27.48,26.00,26.97,9412400,26.69
2008-01-18,27.61,28.19,27.30,27.74,8542600,27.45
2008-01-17,28.61,29.20,27.35,27.43,9228100,27.15
2008-01-16,28.15,28.73,27.27,28.03,13917900,27.74
2008-01-15,30.10,30.95,28.20,29.08,13385700,28.78
2008-01-14,29.26,30.64,29.01,30.48,11732000,30.16
2008-01-11,28.09,28.87,27.92,28.58,7892400,28.28
2008-01-10,28.49,28.73,27.64,28.32,10922600,28.03
2008-01-09,29.25,29.71,27.41,28.98,13166000,28.68
2008-01-08,30.71,30.85,29.33,29.35,9587200,29.05
2008-01-07,30.41,30.88,29.63,30.56,10286200,30.24
2008-01-04,31.88,31.88,30.22,30.42,10251700,30.10
2008-01-03,33.40,33.46,32.15,32.29,8010400,31.95
2008-01-02,33.08,33.73,32.87,33.17,7590400,32.83
2007-12-31,33.26,33.47,32.74,33.17,6200300,32.83
2007-12-28,34.05,34.05,33.15,33.54,5832200,33.19
2007-12-27,34.81,35.08,33.79,33.85,6110100,33.50
2007-12-26,35.62,35.64,34.63,35.10,4883300,34.74
2007-12-24,35.55,35.68,35.12,35.36,2430100,34.99
2007-12-21,36.52,36.54,34.93,35.67,7830700,35.30
2007-12-20,35.46,36.29,35.30,36.09,8121700,35.72
2007-12-19,35.12,35.85,34.75,35.30,8119400,34.93
2007-12-18,36.09,36.15,34.60,35.35,6616000,34.98
2007-12-17,35.99,36.66,35.75,35.84,5695000,35.47
2007-12-14,36.96,37.40,36.15,36.34,6789800,35.96
2007-12-13,38.00,38.69,37.00,37.44,6292400,37.05
2007-12-12,38.75,39.13,37.65,38.40,7738400,38.00
2007-12-11,39.00,39.34,37.86,38.13,8084600,37.73
2007-12-10,38.65,39.17,38.01,39.08,5654500,38.67
2007-12-07,39.04,39.24,37.83,38.65,6713500,38.25
2007-12-06,37.80,39.63,37.50,39.36,9611000,38.95
2007-12-05,37.25,38.50,37.11,37.95,6300700,37.56
2007-12-04,37.61,37.68,36.65,36.97,6341500,36.59
2007-12-03,37.60,38.46,37.56,37.91,5249200,37.52
2007-11-30,38.25,38.49,37.25,37.44,6917700,37.05
2007-11-29,38.08,38.38,37.45,38.10,5047600,37.70
2007-11-28,37.77,38.85,37.30,38.16,8680600,37.76
2007-11-27,35.63,37.78,35.45,37.25,9512100,36.86
2007-11-26,36.16,36.78,35.18,35.25,5463000,34.88
2007-11-23,36.25,36.58,35.40,36.11,2570400,35.73
2007-11-21,35.31,36.75,34.43,36.19,8164500,35.81
2007-11-20,36.47,36.98,34.68,35.89,7713400,35.52
2007-11-19,37.35,37.42,35.76,36.19,6198000,35.81
2007-11-16,37.43,37.59,36.60,37.36,6537600,36.97
2007-11-15,37.49,38.30,37.03,37.27,8663800,36.88
2007-11-14,39.72,39.75,37.92,38.04,7638900,37.64
2007-11-13,37.92,39.18,37.60,39.16,8150200,38.75
2007-11-12,38.86,39.15,37.36,37.60,7365000,37.21
2007-11-09,38.12,39.92,38.00,38.95,8083200,38.55
2007-11-08,40.48,40.87,38.23,39.05,13428500,38.64
2007-11-07,40.95,41.86,40.56,40.67,6519400,40.25
2007-11-06,42.36,42.40,41.03,41.36,8512900,40.93
2007-11-05,44.00,44.00,41.25,41.99,12980400,41.55
2007-11-02,44.00,44.59,43.26,44.43,7370000,43.97
2007-11-01,43.90,45.49,43.70,43.89,10775100,43.43
2007-10-31,44.25,44.69,43.37,44.40,9944400,43.94
2007-10-30,43.06,44.08,42.50,43.76,9761000,43.31
2007-10-29,41.93,43.08,41.67,43.01,10486600,42.56
2007-10-26,40.71,41.88,40.21,41.02,13229000,40.59
2007-10-25,41.93,42.30,39.76,40.12,14504000,39.70
2007-10-24,42.98,42.98,40.94,41.82,15362400,41.39
2007-10-23,44.93,45.00,42.54,43.46,14351700,43.01
2007-10-22,43.47,45.16,43.20,44.11,19699600,43.65
2007-10-19,46.76,48.00,42.42,42.71,45022700,42.27
2007-10-18,49.46,50.48,48.56,50.31,19298200,49.79
2007-10-17,48.10,49.17,47.86,49.07,13323600,48.56
2007-10-16,47.82,48.07,46.86,47.00,13661000,46.51
2007-10-15,47.72,48.79,47.40,48.32,12494700,47.82
2007-10-12,48.74,49.50,47.25,47.40,13691700,46.91
2007-10-11,51.37,51.40,48.12,48.70,17810700,48.19
2007-10-10,51.32,52.00,50.70,51.68,8386400,51.14
2007-10-09,53.08,53.42,51.03,51.24,10822800,50.71
2007-10-08,51.97,53.10,51.85,52.97,6239400,52.42
2007-10-05,53.22,53.47,51.79,52.10,9312300,51.56
2007-10-04,52.78,53.50,52.37,53.19,8253600,52.64
2007-10-03,54.08,54.15,52.72,53.36,8345100,52.81
2007-10-02,55.12,55.98,54.76,55.04,4776400,54.47
2007-10-01,55.35,55.50,54.40,55.08,5479800,54.51
2007-09-28,54.95,55.50,54.81,55.10,5499400,54.53
2007-09-27,54.39,55.63,54.30,54.78,8474700,54.21
2007-09-26,52.91,54.03,52.91,53.57,8896500,53.01
2007-09-25,51.45,52.57,51.42,52.27,5425900,51.73
2007-09-24,54.09,54.47,51.67,51.90,8789300,51.36
2007-09-21,53.95,54.43,53.34,53.56,5440100,53.00
2007-09-20,52.95,54.44,52.89,53.34,6142000,52.79
2007-09-19,52.87,53.77,52.57,53.02,9437100,52.47
2007-09-18,50.85,52.45,50.55,52.29,8130300,51.75
2007-09-17,50.70,51.15,50.16,50.30,7054700,49.78
2007-09-14,50.37,51.65,50.01,51.29,12668700,50.76
2007-09-13,51.95,51.95,49.87,49.99,14681700,49.47
2007-09-12,53.67,54.25,51.50,51.75,14056400,51.21
2007-09-11,54.00,54.95,53.20,54.25,8873800,53.69
2007-09-10,53.93,54.20,52.56,53.76,10661300,53.20
2007-09-07,54.55,54.60,52.59,52.93,11412900,52.38
2007-09-06,56.20,56.46,55.03,55.73,6975900,55.15
2007-09-05,57.59,57.66,54.50,55.85,14861100,55.27
2007-09-04,56.30,58.35,56.12,58.10,9716400,57.50
2007-08-31,55.39,56.27,54.80,56.06,8000300,55.48
2007-08-30,53.15,55.50,53.00,54.66,9540900,54.09
2007-08-29,52.42,53.75,52.25,53.54,7905100,52.98
2007-08-28,52.00,52.93,51.86,52.03,7253900,51.49
2007-08-27,53.45,53.50,51.74,51.86,9045000,51.32
2007-08-24,52.99,54.15,52.60,54.00,4904200,53.44
2007-08-23,54.61,54.71,52.85,53.12,6876900,52.57
2007-08-22,54.61,55.18,54.04,54.70,5537700,54.13
2007-08-21,54.40,54.75,53.23,54.19,6363400,53.63
2007-08-20,54.40,55.04,53.90,54.68,7609700,54.11
2007-08-17,53.33,54.45,52.15,53.67,11470600,53.11
2007-08-16,52.02,52.95,49.45,51.62,14269200,51.08
2007-08-15,55.02,55.62,52.53,52.64,9682200,52.09
2007-08-14,57.40,57.43,54.66,55.34,9961000,54.77
2007-08-13,57.96,58.20,57.00,57.42,6633100,56.82
2007-08-10,56.56,58.21,55.83,57.13,14385900,56.54
2007-08-09,54.50,57.43,54.36,56.46,12688000,55.87
2007-08-08,54.22,57.25,54.20,55.28,13208400,54.71
2007-08-07,53.69,54.55,53.10,53.56,10127800,53.00
2007-08-06,53.83,54.31,53.15,53.78,9597200,53.22
2007-08-03,55.16,55.58,53.38,53.43,15774900,52.87
2007-08-02,53.37,54.29,51.93,52.77,9355900,52.22
2007-08-01,53.35,53.93,50.62,53.19,17427200,52.64
2007-07-31,57.20,57.52,53.50,53.63,19834000,53.07
2007-07-30,55.11,56.95,54.04,56.56,13347700,55.97
2007-07-27,56.65,57.50,54.25,54.83,11980900,54.26
2007-07-26,57.80,58.40,55.00,56.61,13360800,56.02
2007-07-25,57.63,58.50,57.00,57.80,9580700,57.20
2007-07-24,57.00,58.60,55.80,57.12,15098500,56.53
2007-07-23,57.75,58.05,56.82,56.94,8522400,56.35
2007-07-20,59.50,59.75,56.87,56.96,21959600,56.37
2007-07-19,57.61,57.86,55.50,55.96,23310400,55.38
2007-07-18,56.21,57.59,55.67,57.15,14875800,56.56
2007-07-17,54.45,57.14,54.41,56.70,17601800,56.11
2007-07-16,54.72,54.79,53.71,54.18,7897200,53.62
2007-07-13,54.35,55.06,53.33,54.76,11716300,54.19
2007-07-12,52.30,54.56,51.65,54.43,13144300,53.86
2007-07-11,52.00,52.39,51.52,51.65,7859300,51.11
2007-07-10,51.22,52.15,50.39,51.28,10556300,50.75
2007-07-09,49.80,51.90,49.70,51.24,11930500,50.71
2007-07-06,48.25,49.20,48.16,49.20,5245200,48.69
2007-07-05,47.63,48.11,47.22,48.09,6905400,47.59
2007-07-03,48.08,48.17,47.14,47.60,4756600,47.11
2007-07-02,48.51,48.65,48.01,48.40,5337000,47.90
2007-06-29,49.04,49.61,48.61,48.94,7627700,48.43
2007-06-28,48.31,49.18,48.07,48.64,6594300,48.13
2007-06-27,47.03,48.65,47.03,48.51,6672500,48.01
2007-06-26,47.63,48.00,47.00,47.31,7142600,46.82
2007-06-25,47.35,47.97,46.89,47.13,6254900,46.64
2007-06-22,48.42,48.90,47.53,47.90,8015800,47.40
2007-06-21,46.48,48.60,46.48,48.54,12697400,48.04
2007-06-20,47.75,48.00,46.30,46.45,8367200,45.97
2007-06-19,47.20,47.95,47.07,47.62,7326600,47.13
2007-06-18,46.66,47.60,46.40,47.31,10423500,46.82
2007-06-15,45.45,46.49,44.88,46.40,11834500,45.92
2007-06-14,44.23,45.09,44.09,44.98,5424600,44.51
2007-06-13,44.31,44.72,43.71,44.18,6218100,43.72
2007-06-12,44.57,44.86,43.95,44.05,8387000,43.59
2007-06-11,44.01,45.23,43.93,44.85,9179100,44.38
2007-06-08,43.01,44.26,42.95,44.22,7254500,43.76
2007-06-07,43.61,44.28,42.88,42.92,9794600,42.47
2007-06-06,43.40,43.88,42.86,43.68,6823000,43.23
2007-06-05,43.53,43.98,42.84,43.39,6587700,42.94
2007-06-04,41.92,44.00,41.86,43.73,13299600,43.28
2007-06-01,43.80,44.00,42.50,42.54,9577900,42.10
2007-05-31,43.34,43.99,43.15,43.55,7425300,43.10
2007-05-30,41.57,43.25,41.50,43.15,9008600,42.70
2007-05-29,41.84,42.31,41.69,41.89,4726300,41.45
2007-05-25,42.09,42.30,41.67,41.97,4289500,41.53
2007-05-24,42.99,43.13,41.78,42.00,9510700,41.56
2007-05-23,43.65,43.96,43.15,43.20,6134700,42.75
2007-05-22,43.72,43.84,42.57,43.54,14807200,43.09
2007-05-21,44.26,44.85,44.00,44.27,4961900,43.81
2007-05-18,44.13,44.20,43.30,44.14,5589600,43.68
2007-05-17,44.16,44.50,43.75,44.07,5630800,43.61
2007-05-16,44.27,44.82,43.74,44.44,5889500,43.98
2007-05-15,44.62,45.00,44.00,44.26,6150200,43.80
2007-05-14,45.10,45.48,44.65,44.83,5622200,44.36
2007-05-11,44.58,44.92,44.10,44.87,5574300,44.40
2007-05-10,44.75,44.91,43.64,44.10,6223700,43.64
2007-05-09,44.28,45.22,44.28,45.03,6599000,44.56
2007-05-08,43.76,44.60,43.60,44.39,4582900,43.93
2007-05-07,44.29,44.69,43.81,43.96,4965600,43.50
2007-05-04,43.84,44.31,43.65,44.15,5693900,43.69
2007-05-03,42.75,43.99,42.75,43.78,7996000,43.33
2007-05-02,42.66,42.90,42.36,42.50,7552600,42.06
2007-05-01,43.45,43.50,42.25,42.72,10039700,42.28
2007-04-30,43.93,44.33,43.45,43.45,7084200,43.00
2007-04-27,45.24,46.30,43.72,44.01,17620000,43.55
2007-04-26,44.50,45.41,44.35,45.20,17792100,44.73
2007-04-25,43.80,44.25,43.30,43.93,7091900,43.47
2007-04-24,43.02,43.98,42.45,43.54,13669400,43.09
2007-04-23,42.46,42.71,41.73,41.86,6400200,41.43
2007-04-20,43.12,43.31,42.30,42.53,7313400,42.09
2007-04-19,41.71,42.90,41.63,42.59,5776800,42.15
2007-04-18,42.00,42.54,41.48,42.23,7923500,41.79
2007-04-17,42.86,42.90,41.93,42.18,7905700,41.74
2007-04-16,43.45,43.45,42.58,42.85,7447700,42.40
2007-04-13,43.95,44.25,43.00,43.35,6750400,42.90
2007-04-12,43.00,43.55,42.72,43.40,5602900,42.95
2007-04-11,43.98,44.08,42.88,43.22,10016400,42.77
2007-04-10,44.03,44.54,44.03,44.25,4860500,43.79
2007-04-09,45.09,45.09,43.93,44.03,4913400,43.57
2007-04-05,45.14,45.15,44.22,44.50,6055500,44.04
2007-04-04,44.19,45.10,43.95,44.67,9032100,44.21
2007-04-03,44.20,44.36,43.53,43.91,6259800,43.45
2007-04-02,44.14,44.16,43.54,44.00,5341100,43.54
2007-03-30,44.02,44.26,43.40,43.80,6378100,43.34
2007-03-29,45.08,45.20,43.15,43.82,11750400,43.36
2007-03-28,44.84,45.29,44.49,44.70,9193000,44.24
2007-03-27,44.85,45.48,44.71,44.80,7681500,44.33
2007-03-26,45.20,45.33,44.05,44.82,9538800,44.35
2007-03-23,43.87,45.14,43.80,44.88,15113100,44.41
2007-03-22,44.00,44.13,43.30,43.50,10876300,43.05
2007-03-21,44.25,44.36,43.13,43.48,19481300,43.03
2007-03-20,40.85,42.07,40.20,41.91,17234700,41.47
2007-03-19,40.80,40.93,39.72,39.99,9064000,39.57
2007-03-16,40.65,40.97,40.20,40.57,8334500,40.15
2007-03-15,40.70,40.90,40.46,40.65,7727100,40.23
2007-03-14,40.50,40.75,39.81,40.75,12167100,40.33
2007-03-13,40.50,41.49,40.17,40.28,16148700,39.86
2007-03-12,39.74,40.48,39.63,40.17,9673800,39.75
2007-03-09,40.20,40.42,39.00,39.41,7844600,39.00
2007-03-08,40.24,40.30,39.54,39.81,10652100,39.40
2007-03-07,39.21,39.55,38.67,38.75,14309400,38.35
2007-03-06,37.70,38.66,37.31,38.64,13078100,38.24
2007-03-05,37.81,38.80,37.10,37.14,11190300,36.75
2007-03-02,37.11,38.46,37.05,37.84,20261500,37.45
2007-03-01,35.85,37.60,35.82,37.01,14640600,36.63
2007-02-28,37.06,37.30,36.13,36.42,14183600,36.04
2007-02-27,37.40,38.47,36.64,36.91,19136300,36.53
2007-02-26,39.00,39.29,38.05,38.22,12687100,37.82
2007-02-23,39.14,39.19,38.14,38.62,9857100,38.22
2007-02-22,39.00,39.39,38.40,38.95,17227000,38.55
2007-02-21,40.14,40.82,39.57,39.85,11369700,39.44
2007-02-20,38.87,40.73,38.85,40.52,21606000,40.10
2007-02-16,41.11,41.28,40.05,40.13,10178500,39.71
2007-02-15,40.78,41.73,40.72,41.15,6958000,40.72
2007-02-14,40.00,40.95,39.85,40.80,6222900,40.38
2007-02-13,40.00,40.40,39.75,39.85,6194800,39.44
2007-02-12,40.35,40.75,39.71,39.79,8009400,39.38
2007-02-09,42.01,42.12,39.89,40.30,14705500,39.88
2007-02-08,41.41,41.95,41.25,41.84,4407000,41.41
2007-02-07,41.58,42.20,41.45,41.66,8798300,41.23
2007-02-06,41.25,41.50,40.74,41.20,7611000,40.77
2007-02-05,40.75,41.31,40.48,40.85,7296300,40.43
2007-02-02,40.59,40.85,40.20,40.80,8459900,40.38
2007-02-01,40.20,40.85,40.18,40.74,12229000,40.32
2007-01-31,39.34,40.30,38.89,40.18,38335400,39.76
2007-01-30,42.55,42.91,42.02,42.83,23518400,42.39
2007-01-29,42.01,42.96,41.92,42.24,11444600,41.80
2007-01-26,41.69,43.07,41.38,42.73,9601200,42.29
2007-01-25,42.45,42.66,41.27,41.59,9455600,41.16
2007-01-24,42.81,43.16,42.43,42.46,10499600,42.02
2007-01-23,41.90,42.84,41.80,42.50,8291400,42.06
2007-01-22,42.56,42.86,41.65,41.67,8010900,41.24
2007-01-19,42.25,42.85,42.05,42.35,9234100,41.91
2007-01-18,43.37,43.45,42.22,42.67,9628500,42.23
2007-01-17,43.52,43.89,42.98,43.46,9121200,43.01
2007-01-16,43.79,44.25,43.43,43.89,6644700,43.43
2007-01-12,43.30,44.78,43.25,44.03,9509400,43.57
2007-01-11,45.65,45.75,43.78,43.80,19298700,43.34
2007-01-10,44.00,46.24,43.56,45.70,16109900,45.23
2007-01-09,44.43,45.24,43.59,44.11,15127100,43.65
2007-01-08,43.75,45.15,43.69,44.30,13594600,43.84
2007-01-05,41.80,43.34,41.70,43.30,10418200,42.85
2007-01-04,41.76,42.34,41.35,42.21,9141400,41.77
2007-01-03,43.64,43.70,40.96,41.72,13511900,41.29
2006-12-29,42.58,43.34,42.46,43.03,6727600,42.58
2006-12-28,42.29,42.87,42.26,42.49,3782000,42.05
2006-12-27,43.24,43.26,42.45,42.62,4074100,42.18
2006-12-26,42.21,43.24,42.01,42.75,4876100,42.31
2006-12-22,42.57,43.10,42.00,42.06,6499700,41.62
2006-12-21,43.18,43.37,42.33,42.49,5064000,42.05
2006-12-20,43.83,44.22,43.07,43.18,5079100,42.73
2006-12-19,43.54,44.30,43.00,43.55,8434400,43.10
2006-12-18,43.48,44.40,43.40,43.70,12179500,43.25
2006-12-15,42.76,43.43,42.39,42.51,10106300,42.07
2006-12-14,42.35,43.25,42.29,42.66,9235700,42.22
2006-12-13,42.77,43.04,42.21,42.26,9107300,41.82
2006-12-12,43.12,43.19,42.09,42.48,11555500,42.04
2006-12-11,43.99,44.20,43.11,43.21,10326400,42.76
2006-12-08,44.94,45.10,44.03,44.09,11388800,43.63
2006-12-07,46.47,46.82,44.97,45.02,11314200,44.55
2006-12-06,45.68,46.98,45.68,46.62,12370900,46.14
2006-12-05,45.25,46.45,44.76,45.23,14752900,44.76
2006-12-04,45.10,45.25,44.34,44.91,9726800,44.44
2006-12-01,44.40,45.41,44.11,44.50,11691900,44.04
2006-11-30,43.85,44.87,43.15,44.40,14443500,43.94
2006-11-29,44.95,44.98,43.58,43.73,13328500,43.28
2006-11-28,45.24,45.72,44.35,44.77,10066100,44.30
2006-11-27,47.72,47.80,44.99,45.44,9897700,44.97
2006-11-24,47.40,48.13,47.05,47.78,2820700,47.28
2006-11-22,47.71,48.15,46.94,47.57,7235400,47.08
2006-11-21,49.00,49.45,47.40,47.48,10063300,46.99
2006-11-20,47.00,48.73,46.82,48.73,10928100,48.22
2006-11-17,46.41,47.30,46.39,47.14,5742400,46.65
2006-11-16,47.75,47.79,46.25,46.69,9841200,46.20
2006-11-15,47.03,47.80,46.83,47.14,8743900,46.65
2006-11-14,45.56,46.78,45.30,46.67,10134500,46.19
2006-11-13,44.76,45.25,44.11,45.24,11283600,44.77
2006-11-10,46.25,46.25,45.48,45.75,6781200,45.27
2006-11-09,46.60,47.40,45.83,46.13,14018500,45.65
2006-11-08,46.65,47.68,45.51,46.34,13882500,45.86
2006-11-07,48.02,48.09,46.52,46.58,10625600,46.10
2006-11-06,47.50,48.04,47.25,47.89,6633400,47.39
2006-11-03,47.02,47.39,46.61,47.15,5279900,46.66
2006-11-02,46.90,47.35,46.51,46.77,6500900,46.28
2006-11-01,48.48,48.75,46.96,47.21,7715400,46.72
2006-10-31,48.99,49.20,47.87,48.10,6608400,47.60
2006-10-30,48.26,48.90,47.81,48.65,7733200,48.14
2006-10-27,49.97,49.98,48.00,48.04,10333600,47.54
2006-10-26,50.31,50.58,49.60,50.14,8065200,49.62
2006-10-25,49.25,50.50,49.02,50.14,14946800,49.62
2006-10-24,47.51,49.08,46.83,48.88,15713500,48.37
2006-10-23,49.30,49.66,47.24,47.45,22497100,46.96
2006-10-20,51.91,52.36,48.83,49.15,57490400,48.64
2006-10-19,60.54,62.05,55.10,61.73,19284900,61.09
2006-10-18,61.20,61.35,59.25,60.14,10602000,59.52
2006-10-17,60.96,61.35,59.75,60.62,9391500,59.99
2006-10-16,60.96,62.24,60.81,60.85,14221100,60.22
2006-10-13,58.25,59.90,57.79,59.16,12326100,58.55
2006-10-12,56.76,58.60,56.40,58.26,16159400,57.65
2006-10-11,57.53,59.43,56.77,57.25,17726200,56.66
2006-10-10,58.43,59.13,57.06,57.96,9374900,57.36
2006-10-09,57.23,59.43,57.14,58.37,11865800,57.76
2006-10-06,55.53,57.63,55.45,57.50,14214900,56.90
2006-10-05,55.83,56.10,54.76,55.58,11923400,55.00
2006-10-04,53.86,56.51,53.74,56.38,16838000,55.79
2006-10-03,53.00,53.47,52.00,53.31,10320500,52.76
2006-10-02,53.05,54.75,53.05,53.20,8344000,52.65
2006-09-29,53.01,54.05,53.01,53.54,7531900,52.98
2006-09-28,54.30,54.90,52.36,53.05,13374900,52.50
2006-09-27,54.64,55.97,53.83,54.17,12382800,53.61
2006-09-26,54.70,54.82,53.37,54.05,10267600,53.49
2006-09-25,54.00,54.92,53.15,54.84,14324200,54.27
2006-09-22,57.43,57.45,55.25,55.38,13177400,54.80
2006-09-21,59.10,59.24,57.56,57.69,10872600,57.09
2006-09-20,59.40,59.59,58.28,58.90,8850000,58.29
2006-09-19,59.12,60.19,58.03,58.76,15505400,58.15
2006-09-18,59.10,60.94,58.51,58.75,17748800,58.14
2006-09-15,59.59,59.65,58.20,58.51,11269000,57.90
2006-09-14,58.00,59.50,57.90,58.89,10306100,58.28
2006-09-13,58.73,58.90,57.65,57.97,10780800,57.37
2006-09-12,57.30,58.42,56.55,58.14,11548900,57.54
2006-09-11,57.41,58.27,56.68,56.72,16936900,56.13
2006-09-08,55.72,56.63,55.49,56.50,9893400,55.91
2006-09-07,54.56,56.45,53.60,54.90,15779500,54.33
2006-09-06,57.22,57.30,54.55,54.71,13610000,54.14
2006-09-05,58.84,59.13,57.56,58.06,10072600,57.46
2006-09-01,59.54,59.68,58.38,58.73,9934600,58.12
2006-08-31,58.15,59.30,57.58,58.87,13083000,58.26
2006-08-30,56.99,57.90,56.50,57.88,13349500,57.28
2006-08-29,54.58,56.11,53.81,56.11,9715600,55.53
2006-08-28,54.95,55.24,53.96,54.25,7700400,53.69
2006-08-25,53.31,55.00,53.08,54.61,12049100,54.04
2006-08-24,51.08,53.07,50.30,53.01,11443400,52.46
2006-08-23,52.14,52.58,50.62,50.65,7152300,50.12
2006-08-22,51.78,52.71,51.38,51.38,7811300,50.85
2006-08-21,50.78,52.57,50.66,51.39,8447500,50.86
2006-08-18,51.31,51.42,50.15,51.17,7015200,50.64
2006-08-17,51.19,51.99,50.61,51.34,8623900,50.81
2006-08-16,49.45,51.19,49.07,51.14,11051300,50.61
2006-08-15,46.53,49.00,46.50,48.87,9964100,48.36
2006-08-14,46.37,46.80,45.82,45.90,4135700,45.42
2006-08-11,46.73,46.92,45.50,45.84,4762300,45.36
2006-08-10,46.06,47.10,45.75,47.01,4775100,46.52
2006-08-09,46.43,47.19,46.09,46.26,6733400,45.78
2006-08-08,47.00,47.24,45.70,45.85,5492200,45.37
2006-08-07,47.47,48.11,46.68,46.95,5276500,46.46
2006-08-04,47.86,48.67,47.20,47.64,9047800,47.15
2006-08-03,45.90,47.40,45.68,47.24,7141900,46.75
2006-08-02,46.11,46.67,45.44,46.37,5544500,45.89
2006-08-01,45.87,46.54,45.24,45.78,7169700,45.30
2006-07-31,46.86,47.85,46.28,46.66,13401300,46.18
2006-07-28,46.53,47.25,46.04,47.14,7051500,46.65
2006-07-27,46.41,47.33,46.09,46.34,9756000,45.86
2006-07-26,45.94,46.32,44.59,45.75,10407900,45.27
2006-07-25,46.59,46.95,45.65,46.11,24451000,45.63
2006-07-24,37.90,40.28,37.55,40.20,19787300,39.78
2006-07-21,39.55,39.63,37.34,37.51,11015100,37.12
2006-07-20,41.73,42.35,39.97,40.08,10803700,39.66
2006-07-19,39.44,40.75,39.12,40.29,9900200,39.87
2006-07-18,39.17,39.78,37.76,39.37,10735700,38.96
2006-07-17,39.41,40.46,38.96,39.46,8907700,39.05
2006-07-14,40.84,41.30,38.83,39.18,17670700,38.77
2006-07-13,43.24,43.31,41.30,41.33,17305400,40.90
2006-07-12,46.29,46.29,43.90,43.96,12328400,43.50
2006-07-11,43.50,45.85,42.85,45.70,16277100,45.23
2006-07-10,47.65,47.86,43.12,43.56,19518000,43.11
2006-07-07,48.30,48.74,47.21,47.45,6632100,46.96
2006-07-06,48.63,49.57,48.00,48.77,6928700,48.26
2006-07-05,50.60,50.68,48.45,48.48,9051300,47.98
2006-07-03,51.21,51.50,50.50,51.14,1673100,50.61
2006-06-30,52.38,52.55,50.98,50.98,5268100,50.45
2006-06-29,50.57,52.41,50.53,52.37,7903700,51.83
2006-06-28,51.50,51.50,49.36,50.16,7578400,49.64
2006-06-27,51.64,52.31,51.05,51.30,4501300,50.77
2006-06-26,51.83,52.24,51.50,51.83,3086200,51.29
2006-06-23,52.08,52.50,50.80,51.59,5467700,51.05
2006-06-22,51.89,52.90,51.58,52.19,5513500,51.65
2006-06-21,51.35,52.93,51.08,51.93,6352200,51.39
2006-06-20,52.42,52.68,51.03,51.10,8185300,50.57
2006-06-19,54.21,54.43,52.50,52.61,5406200,52.06
2006-06-16,53.91,54.65,53.48,53.92,7427500,53.36
2006-06-15,52.54,54.82,52.50,54.45,12625500,53.88
2006-06-14,51.06,51.97,50.51,51.50,9071600,50.96
2006-06-13,50.72,51.24,49.16,49.92,10980400,49.40
2006-06-12,52.63,53.25,50.53,50.58,8645500,50.05
2006-06-09,53.51,54.34,52.10,52.27,8297400,51.73
2006-06-08,52.88,53.35,50.30,52.95,13897500,52.40
2006-06-07,54.80,55.25,52.91,53.09,10891600,52.54
2006-06-06,54.45,54.92,52.45,54.56,14146100,53.99
2006-06-05,56.57,57.08,53.98,54.12,16003800,53.56
2006-06-02,56.27,56.32,54.12,55.13,8919900,54.56
2006-06-01,56.16,56.16,54.32,55.23,12490700,54.66
2006-05-31,57.10,57.67,55.60,56.27,10765300,55.69
2006-05-30,58.42,58.99,56.80,56.83,8500000,56.24
2006-05-26,59.22,59.68,58.84,59.64,3575300,59.02
2006-05-25,59.78,59.86,57.75,58.84,7916000,58.23
2006-05-24,59.38,60.39,57.51,58.99,12889400,58.38
2006-05-23,60.22,61.09,58.95,58.98,8232000,58.37
2006-05-22,62.00,62.11,58.58,59.57,11894600,58.95
2006-05-19,61.82,63.00,61.13,62.49,9577300,61.84
2006-05-18,62.20,62.44,61.41,61.61,5052000,60.97
2006-05-17,61.30,62.70,61.01,61.65,10537400,61.01
2006-05-16,62.65,63.00,60.66,61.60,9942900,60.96
2006-05-15,60.98,62.00,59.95,61.00,8619100,60.37
2006-05-12,61.25,62.36,60.40,61.24,7720600,60.60
2006-05-11,63.17,63.41,61.44,61.65,7324100,61.01
2006-05-10,63.37,63.80,62.46,63.17,12345300,62.51
2006-05-09,64.43,66.20,63.27,63.35,17115900,62.69
2006-05-08,63.26,64.98,63.11,64.70,8248000,64.03
2006-05-05,63.24,64.03,62.44,62.53,5861700,61.88
2006-05-04,60.51,63.28,60.27,62.49,7580300,61.84
2006-05-03,61.08,61.25,60.05,60.67,6528200,60.04
2006-05-02,62.34,62.37,60.91,61.36,6301000,60.72
2006-05-01,63.90,64.02,61.55,61.68,6969700,61.04
2006-04-28,62.52,65.43,62.52,63.83,8392600,63.17
2006-04-27,61.91,63.37,60.88,63.14,9478600,62.48
2006-04-26,61.08,62.59,60.99,62.23,11482600,61.58
2006-04-25,59.12,60.72,59.00,60.36,7526700,59.73
2006-04-24,58.00,60.46,58.00,59.21,10787800,58.59
2006-04-21,62.36,63.27,59.67,60.05,23280900,59.43
2006-04-20,63.65,65.79,62.40,65.54,17095500,64.86
2006-04-19,64.41,64.67,63.19,63.77,35693300,63.11
2006-04-18,61.20,64.77,61.13,64.50,13997300,63.83
2006-04-17,61.99,62.69,60.46,61.13,8515900,60.49
2006-04-13,62.70,63.00,61.43,61.90,15302400,61.26
2006-04-12,59.67,60.43,58.64,59.47,9802200,58.85
2006-04-11,59.81,60.96,58.25,60.04,15374100,59.42
2006-04-10,60.47,62.22,59.01,59.16,11035100,58.55
2006-04-07,62.69,62.71,60.48,61.02,10015600,60.39
2006-04-06,63.10,65.76,62.83,63.32,20522100,62.66
2006-04-05,59.15,62.50,58.75,62.42,19335200,61.77
2006-04-04,55.74,57.46,55.71,56.91,12252100,56.32
2006-04-03,56.34,56.86,55.02,55.24,13138900,54.67
2006-03-31,59.35,59.86,57.01,57.52,8552200,56.92
2006-03-30,58.69,59.25,57.77,59.04,8722400,58.43
2006-03-29,56.99,59.44,56.82,59.13,9717200,58.52
2006-03-28,56.60,58.19,56.42,57.44,10964500,56.84
2006-03-27,58.11,58.36,57.32,58.20,5708900,57.60
2006-03-24,57.07,58.60,57.00,58.00,10773500,57.40
2006-03-23,55.71,56.41,55.11,56.06,5879000,55.48
2006-03-22,54.01,56.69,54.00,55.89,9481100,55.31
2006-03-21,54.14,56.12,53.44,54.89,10307300,54.32
2006-03-20,55.21,55.37,52.85,53.81,8911400,53.25
2006-03-17,54.98,55.30,53.91,55.00,6855600,54.43
2006-03-16,57.04,57.08,54.79,54.90,9034500,54.33
2006-03-15,55.65,56.90,55.10,56.53,14207800,55.94
2006-03-14,53.02,53.88,52.55,53.42,8666800,52.87
2006-03-13,52.90,55.25,52.86,53.42,11449300,52.87
2006-03-10,54.08,54.23,52.15,53.06,8707400,52.51
2006-03-09,54.71,55.75,53.51,53.53,9071600,52.97
2006-03-08,54.33,54.90,52.63,53.95,19591600,53.39
2006-03-07,58.07,58.25,56.12,56.50,9379500,55.91
2006-03-06,59.61,59.83,58.00,58.73,9200800,58.12
2006-03-03,60.08,61.93,59.12,59.28,9710000,58.66
2006-03-02,61.23,62.50,60.55,61.20,8058100,60.56
2006-03-01,61.53,62.33,60.56,61.77,8283200,61.13
2006-02-28,61.10,63.19,60.11,60.34,13631100,59.71
2006-02-27,59.00,61.98,58.73,61.08,20744800,60.45
2006-02-24,57.23,57.40,56.05,56.34,6788000,55.75
2006-02-23,58.65,59.25,57.34,57.48,9129900,56.88
2006-02-22,55.83,59.34,55.16,59.00,12705900,58.39
2006-02-21,57.76,58.02,55.52,56.00,9864400,55.42
2006-02-17,58.68,59.05,57.31,57.39,7440700,56.79
2006-02-16,59.80,60.54,58.50,59.04,7167200,58.43
2006-02-15,58.32,60.30,57.46,59.39,12736200,58.77
2006-02-14,58.83,59.90,58.13,59.24,7997000,58.62
2006-02-13,60.52,60.73,58.88,59.33,7185400,58.71
2006-02-10,60.84,61.73,58.86,61.24,13438600,60.60
2006-02-09,64.93,65.35,60.93,61.08,13498900,60.45
2006-02-08,62.95,64.95,62.43,64.56,7440000,63.89
2006-02-07,62.45,63.32,61.06,62.32,7820300,61.67
2006-02-06,64.44,64.68,61.45,62.40,11540500,61.75
2006-02-03,64.97,65.66,63.87,64.05,7220100,63.38
2006-02-02,66.74,66.87,64.67,65.02,7857900,64.34
2006-02-01,67.21,67.99,66.22,66.75,9291000,66.06
2006-01-31,66.18,67.66,65.31,67.36,13619900,66.66
2006-01-30,63.55,67.00,63.17,66.29,17843600,65.60
2006-01-27,64.77,66.48,62.73,63.38,35310800,62.72
2006-01-26,70.80,72.36,66.17,70.68,38099500,69.95
2006-01-25,76.19,76.31,69.49,70.35,22654600,69.62
2006-01-24,74.20,75.90,73.78,74.47,15208300,73.70
2006-01-23,68.92,73.24,68.75,72.59,16926200,71.84
2006-01-20,72.39,72.48,68.04,68.39,13554300,67.68
2006-01-19,72.85,74.15,71.60,72.33,12302700,71.58
2006-01-18,70.18,71.35,69.28,70.65,11753600,69.92
2006-01-17,69.89,72.18,69.35,71.54,16988300,70.80
2006-01-13,75.23,75.85,72.26,72.83,18315400,72.07
2006-01-12,76.16,79.80,75.07,77.22,20508700,76.42
2006-01-11,75.71,77.69,74.25,76.26,16401700,75.47
2006-01-10,76.70,77.60,75.52,76.95,14259300,76.15
2006-01-09,75.60,77.80,74.74,77.11,23354900,76.31
2006-01-06,69.95,74.40,69.81,73.95,20042400,73.18
2006-01-05,67.80,69.39,67.38,69.03,11319500,68.31
2006-01-04,67.71,68.69,66.41,67.78,15496100,67.08
2006-01-03,64.41,68.02,63.78,67.70,25054400,67.00
2005-12-30,62.60,63.41,61.77,62.82,6910300,62.17
2005-12-29,64.45,64.50,62.50,62.67,8980600,62.02
2005-12-28,64.25,64.88,63.10,64.48,8054400,63.81
2005-12-27,63.86,65.01,63.84,64.20,11263800,63.53
2005-12-23,62.06,63.27,61.88,63.04,9015200,62.39
2005-12-22,59.91,62.15,59.82,61.70,9451700,61.06
2005-12-21,58.68,59.78,58.26,59.48,9876900,58.86
2005-12-20,58.36,58.95,56.66,58.59,16344700,57.98
2005-12-19,57.75,60.69,57.50,59.72,16324400,59.10
2005-12-16,56.29,59.00,56.11,58.04,15270700,57.44
2005-12-15,53.10,56.32,53.00,56.20,19279300,55.62
2005-12-14,51.30,52.14,50.85,51.23,5838000,50.70
2005-12-13,51.27,51.73,50.32,51.43,6886200,50.90
2005-12-12,49.79,51.40,49.36,51.12,10743200,50.59
2005-12-09,48.45,49.34,47.35,49.23,8362200,48.72
2005-12-08,49.42,49.45,47.75,48.31,7459700,47.81
2005-12-07,49.25,49.70,48.77,49.10,7170500,48.59
2005-12-06,48.40,50.00,48.36,48.92,14219300,48.41
2005-12-05,46.00,48.80,45.65,48.56,22525900,48.06
2005-12-02,49.31,50.00,47.34,47.75,14792200,47.25
2005-12-01,51.50,51.97,48.55,49.32,13195600,48.81
2005-11-30,50.97,51.90,50.65,51.06,6236300,50.53
2005-11-29,52.53,52.75,50.57,51.41,16032600,50.88
2005-11-28,51.14,52.90,51.11,51.93,13098200,51.39
2005-11-25,49.87,50.44,49.19,50.22,3774200,49.70
2005-11-23,50.79,51.46,49.00,49.60,14576800,49.08
2005-11-22,47.58,50.03,47.34,49.62,27686400,49.10
2005-11-21,54.27,54.78,46.34,46.84,63359000,46.35
2005-11-18,58.99,59.15,55.35,56.20,13075700,55.62
2005-11-17,57.90,58.75,56.81,58.57,9784900,57.96
2005-11-16,56.76,57.74,55.32,57.64,10833100,57.04
2005-11-15,58.28,58.74,56.71,57.00,16418200,56.41
2005-11-14,61.73,62.55,60.82,61.35,7029200,60.71
2005-11-11,59.95,62.07,59.95,60.98,9088800,60.35
2005-11-10,59.48,60.49,57.59,59.63,13313000,59.01
2005-11-09,61.13,61.70,58.53,59.75,12657400,59.13
2005-11-08,60.86,62.44,59.40,61.82,12368800,61.18
2005-11-07,63.77,64.00,61.11,61.35,15013300,60.71
2005-11-04,64.87,65.24,63.41,65.14,9655300,64.46
2005-11-03,62.81,65.49,62.58,64.51,14852100,63.84
2005-11-02,59.03,62.39,58.75,62.13,13883900,61.48
2005-11-01,58.50,59.34,58.08,59.32,8282500,58.70
2005-10-31,57.65,59.40,56.65,58.88,10401000,58.27
2005-10-28,57.70,58.28,56.01,57.36,8851400,56.76
2005-10-27,56.86,57.77,56.40,57.22,6744500,56.63
2005-10-26,56.94,58.48,56.34,57.04,8983100,56.45
2005-10-25,55.41,57.19,55.40,56.98,12258200,56.39
2005-10-24,56.43,57.67,54.75,57.59,15487400,56.99
2005-10-21,54.00,56.50,52.75,56.45,31131300,55.86
2005-10-20,47.56,49.50,46.33,46.38,17923400,45.90
2005-10-19,47.98,48.25,46.15,47.56,13615100,47.07
2005-10-18,50.76,51.00,49.20,49.26,5669400,48.75
2005-10-17,50.16,52.46,50.00,50.70,10105200,50.17
2005-10-14,48.33,51.10,48.33,50.44,15336100,49.92
2005-10-13,48.42,49.24,46.76,47.84,13116900,47.34
2005-10-12,50.42,50.86,47.64,48.06,19517700,47.56
2005-10-11,51.32,52.70,51.11,51.92,9678900,51.38
2005-10-10,53.35,53.47,50.93,51.11,9523900,50.58
2005-10-07,52.44,53.23,50.66,52.76,13686900,52.21
2005-10-06,50.71,52.55,49.90,51.92,19366500,51.38
2005-10-05,52.01,53.37,51.50,52.00,14822000,51.46
2005-10-04,48.45,52.88,48.36,52.34,20482400,51.80
2005-10-03,48.80,49.15,48.03,48.19,7486200,47.69
2005-09-30,46.45,48.58,46.38,48.24,14099600,47.74
2005-09-29,43.74,45.12,43.30,45.07,6890400,44.60
2005-09-28,44.54,45.05,43.50,43.74,7408100,43.29
2005-09-27,45.50,45.79,44.31,44.32,5952000,43.86
2005-09-26,45.13,46.15,44.89,45.21,6828900,44.74
2005-09-23,44.03,44.94,43.45,44.79,6797500,44.32
2005-09-22,45.63,45.71,42.82,43.79,17005700,43.34
2005-09-21,46.20,46.30,45.24,45.30,7210800,44.83
2005-09-20,46.55,47.81,46.10,46.37,8690000,45.89
2005-09-19,45.90,46.83,44.75,46.78,7494600,46.29
2005-09-16,44.55,46.09,44.22,45.71,14328200,45.24
2005-09-15,43.26,44.04,42.64,43.91,8267100,43.45
2005-09-14,42.78,43.99,42.62,43.25,12919100,42.80
2005-09-13,40.64,43.20,40.54,42.64,11805700,42.20
2005-09-12,39.75,40.58,39.67,40.09,4594700,39.67
2005-09-09,39.41,40.01,39.41,39.55,3777400,39.14
2005-09-08,38.86,39.48,38.66,39.12,4635700,38.71
2005-09-07,38.36,39.68,37.97,39.59,5461900,39.18
2005-09-06,37.92,38.89,37.59,38.25,4802000,37.85
2005-09-02,38.25,38.36,37.61,37.76,3439800,37.37
2005-09-01,37.86,38.52,37.76,38.35,6436700,37.95
2005-08-31,38.90,39.40,38.37,38.83,6743100,38.43
2005-08-30,38.75,38.84,37.84,38.76,5098200,38.36
2005-08-29,37.04,39.96,36.88,38.93,13056500,38.53
2005-08-26,37.20,37.35,36.85,37.28,4244700,36.89
2005-08-25,36.12,37.48,36.04,37.32,7943100,36.93
2005-08-24,35.20,36.56,35.08,35.73,6923500,35.36
2005-08-23,34.89,35.61,34.51,35.25,3927700,34.88
2005-08-22,36.05,36.28,34.88,35.05,4464000,34.69
2005-08-19,36.59,36.59,35.88,35.96,4026400,35.59
2005-08-18,36.03,36.60,35.98,36.48,3585700,36.10
2005-08-17,36.05,36.63,36.02,36.16,3841200,35.78
2005-08-16,37.05,37.13,35.86,35.97,4646700,35.60
2005-08-15,36.38,37.35,36.29,37.05,4948800,36.67
2005-08-12,35.55,37.03,35.39,36.54,8174400,36.16
2005-08-11,34.70,35.59,34.67,35.48,4262600,35.11
2005-08-10,35.02,35.20,34.51,34.67,5347800,34.31
2005-08-09,35.43,35.50,34.79,35.03,3133000,34.67
2005-08-08,34.38,35.50,34.36,35.16,5909600,34.79
2005-08-05,34.15,34.61,33.94,34.32,3662200,33.96
2005-08-04,34.33,34.95,34.01,34.10,3939300,33.75
2005-08-03,33.92,34.98,33.70,34.53,5599100,34.17
2005-08-02,33.81,34.18,33.64,34.06,3075500,33.71
2005-08-01,34.14,34.14,33.62,33.71,2339500,33.36
2005-07-29,33.80,34.25,33.63,33.82,3402400,33.47
2005-07-28,32.94,34.16,32.75,34.00,7097700,33.65
2005-07-27,33.28,33.47,32.71,33.07,5430300,32.73
2005-07-26,31.63,33.60,31.57,33.38,9850000,33.03
2005-07-25,31.47,31.81,31.28,31.77,5246200,31.44
2005-07-22,31.21,32.84,30.97,31.40,22563400,31.07
2005-07-21,28.36,28.58,27.45,28.22,6816700,27.93
2005-07-20,27.78,28.33,27.75,28.26,3326000,27.97
2005-07-19,27.93,28.49,27.62,28.18,6241800,27.89
2005-07-18,27.48,27.65,27.23,27.30,2838000,27.02
2005-07-15,26.55,27.53,26.55,27.50,4807500,27.21
2005-07-14,26.46,27.21,26.05,26.58,6308100,26.30
2005-07-13,26.16,26.49,25.94,26.31,4243500,26.04
2005-07-12,25.72,26.38,25.72,26.06,4009300,25.79
2005-07-11,25.34,25.75,25.32,25.70,5665900,25.43
2005-07-08,24.96,25.29,24.55,25.05,5007400,24.79
2005-07-07,23.52,24.95,23.41,24.82,5679700,24.56
2005-07-06,23.95,24.05,23.63,23.76,2310400,23.51
2005-07-05,23.61,24.34,23.43,24.06,4414600,23.81
2005-07-01,23.67,23.85,23.45,23.64,3003600,23.39
2005-06-30,24.34,24.34,23.70,23.73,4077200,23.48
2005-06-29,24.00,24.44,23.88,24.18,4125800,23.93
2005-06-28,24.59,24.68,23.85,24.44,2602400,24.19
2005-06-27,24.68,24.77,24.01,24.33,2980100,24.08
2005-06-24,24.75,25.04,24.46,24.69,3529400,24.43
2005-06-23,25.34,25.68,24.55,24.82,4866500,24.56
2005-06-22,25.23,25.62,25.12,25.28,3013800,25.02
2005-06-21,25.06,25.20,24.71,25.09,2135200,24.83
2005-06-20,24.75,25.17,24.70,24.98,2782400,24.72
2005-06-17,25.01,25.30,24.60,25.01,4112300,24.75
2005-06-16,24.61,24.94,24.52,24.67,2974000,24.41
2005-06-15,25.08,25.25,24.24,24.65,4300500,24.39
2005-06-14,25.22,25.38,24.87,25.06,2433700,24.80
2005-06-13,24.89,25.35,24.80,25.28,3830600,25.02
2005-06-10,25.04,25.11,24.50,24.80,2589400,24.54
2005-06-09,24.37,25.14,24.24,25.14,4417100,24.88
2005-06-08,24.56,24.89,24.19,24.33,4139300,24.08
2005-06-07,24.41,25.10,24.19,24.36,6458600,24.11
2005-06-06,24.73,24.95,24.10,24.46,8313600,24.21
2005-06-03,26.10,26.20,25.42,25.52,3738600,25.25
2005-06-02,26.00,26.25,25.86,26.19,1914100,25.92
2005-06-01,25.99,26.33,25.55,26.11,3925800,25.84
2005-05-31,26.10,26.46,25.90,25.97,4089700,25.70
2005-05-27,26.50,26.54,25.82,26.09,2940100,25.82
2005-05-26,26.45,26.76,26.23,26.31,3290500,26.04
2005-05-25,26.79,26.84,26.16,26.34,3255400,26.07
2005-05-24,26.20,26.98,26.18,26.75,3803300,26.47
2005-05-23,25.95,26.59,25.77,26.25,5610000,25.98
2005-05-20,25.63,25.82,25.56,25.79,2452600,25.52
2005-05-19,25.58,25.83,25.41,25.82,2617800,25.55
2005-05-18,25.39,25.75,25.35,25.56,5228000,25.29
2005-05-17,25.34,25.41,24.93,25.40,2103400,25.14
2005-05-16,25.22,25.50,25.04,25.34,1852300,25.08
2005-05-13,24.68,25.75,24.37,25.32,5058000,25.06
2005-05-12,25.11,25.20,24.30,24.59,3786000,24.33
2005-05-11,25.28,25.32,24.54,25.12,2778800,24.86
2005-05-10,24.78,25.25,24.53,25.09,3110800,24.83
2005-05-09,25.18,25.25,24.72,24.98,3662400,24.72
2005-05-06,24.28,25.22,24.00,25.11,5364200,24.85
2005-05-05,24.29,24.36,23.79,24.04,2816600,23.79
2005-05-04,24.02,24.41,23.85,24.30,2428900,24.05
2005-05-03,24.00,24.13,23.64,23.77,2684800,23.52
2005-05-02,23.93,24.20,23.78,24.10,3108700,23.85
2005-04-29,24.71,24.75,23.55,23.70,6690400,23.45
2005-04-28,24.80,25.16,24.32,24.47,4648200,24.22
2005-04-27,24.70,25.23,24.17,25.05,4887200,24.79
2005-04-26,24.99,25.38,24.75,24.77,5049800,24.51
2005-04-25,25.49,25.79,24.75,25.32,5405700,25.06
2005-04-22,26.33,26.88,24.88,25.32,12853000,25.06
2005-04-21,27.32,27.99,26.58,27.88,7104400,27.59
2005-04-20,27.49,27.60,26.79,26.97,4789300,26.69
2005-04-19,27.13,27.53,26.70,27.16,3876500,26.88
2005-04-18,26.04,26.78,25.95,26.62,3378000,26.34
2005-04-15,26.81,26.90,25.59,26.16,7726800,25.89
2005-04-14,28.02,28.25,27.13,27.26,4861100,26.98
2005-04-13,28.63,28.74,27.79,27.97,2577000,27.68
2005-04-12,28.44,28.79,28.05,28.62,3063200,28.32
2005-04-11,28.69,28.85,28.37,28.56,2767900,28.26
2005-04-08,28.57,29.03,28.53,28.75,2708300,28.45
2005-04-07,28.54,28.84,28.37,28.71,3097400,28.41
2005-04-06,28.37,28.59,28.03,28.59,6192100,28.29
2005-04-05,28.00,28.24,27.84,27.98,4003400,27.69
2005-04-04,28.06,28.25,27.60,27.95,3159400,27.66
2005-04-01,28.01,28.42,27.51,27.77,4577800,27.48
2005-03-31,27.67,27.80,27.48,27.80,2654500,27.51
2005-03-30,27.07,27.64,27.05,27.64,2831100,27.35
2005-03-29,27.54,27.85,26.86,27.12,4108700,26.84
2005-03-28,27.83,28.00,27.51,27.63,4261300,27.34
2005-03-24,27.14,28.03,27.08,27.75,8954700,27.46
2005-03-23,27.48,28.28,27.46,27.95,4616100,27.66
2005-03-22,28.13,28.20,27.62,27.74,3069000,27.45
2005-03-21,28.00,28.18,27.12,27.95,4417800,27.66
2005-03-18,28.18,28.42,27.98,28.09,5275800,27.80
2005-03-17,27.84,28.05,27.57,27.72,3599400,27.43
2005-03-16,27.71,28.30,27.51,28.00,5010000,27.71
2005-03-15,27.76,28.05,27.61,27.87,3380000,27.58
2005-03-14,27.85,28.05,27.34,27.65,2666300,27.36
2005-03-11,27.61,28.23,27.53,27.80,6406300,27.51
2005-03-10,27.44,27.50,26.79,27.46,3376700,27.17
2005-03-09,27.29,27.74,27.23,27.24,3104200,26.96
2005-03-08,27.28,27.88,27.03,27.23,3994300,26.95
2005-03-07,26.90,27.55,26.70,27.38,5236300,27.10
2005-03-04,27.08,27.10,26.50,26.51,3459300,26.23
2005-03-03,27.06,27.15,26.50,26.93,3951600,26.65
2005-03-02,26.80,27.31,26.56,26.84,3620600,26.56
2005-03-01,27.00,27.42,26.81,27.07,3426000,26.79
2005-02-28,26.91,27.18,26.42,26.88,4027600,26.60
2005-02-25,27.10,27.55,26.30,27.01,8069300,26.73
2005-02-24,25.62,27.29,25.49,27.25,6569300,26.97
2005-02-23,25.84,26.00,25.25,25.68,3938300,25.41
2005-02-22,25.44,26.29,25.10,25.54,4878400,25.27
2005-02-18,25.78,25.96,25.53,25.60,2781800,25.33
2005-02-17,26.39,26.44,25.52,25.76,4361000,25.49
2005-02-16,26.30,26.62,26.12,26.27,4852800,26.00
2005-02-15,25.43,26.57,25.38,26.44,10735000,26.17
2005-02-14,25.04,25.37,24.85,25.29,3453400,25.03
2005-02-11,24.45,25.00,24.08,24.81,2927900,24.55
2005-02-10,24.35,24.63,24.09,24.38,2893700,24.13
2005-02-09,24.88,24.98,24.15,24.28,3162300,24.03
2005-02-08,24.71,25.23,24.71,24.85,3297200,24.59
2005-02-07,25.10,25.43,24.82,24.93,2968100,24.67
2005-02-04,24.41,25.15,24.41,25.14,4301700,24.88
2005-02-03,24.54,24.72,24.31,24.50,2673900,24.25
2005-02-02,24.82,25.11,24.59,24.73,3125900,24.47
2005-02-01,24.54,24.98,24.20,24.90,5426500,24.64
2005-01-31,25.17,25.19,24.04,24.70,9275400,24.44
2005-01-28,25.15,25.43,24.37,24.91,26979400,24.65
2005-01-27,21.28,22.71,21.00,22.25,18736800,22.02
2005-01-26,21.03,21.99,20.25,21.45,16634500,21.23
2005-01-25,22.85,23.28,22.16,22.50,8155800,22.27
2005-01-24,23.29,23.54,22.47,22.62,5858700,22.39
2005-01-21,24.25,24.36,23.01,23.16,6461000,22.92
2005-01-20,23.50,24.30,23.24,24.10,5112100,23.85
2005-01-19,25.03,25.22,23.75,23.86,5642300,23.61
2005-01-18,24.87,25.19,24.63,25.16,4049800,24.90
2005-01-14,24.90,25.23,23.87,24.91,6662200,24.65
2005-01-13,24.98,25.00,24.50,24.60,4456300,24.34
2005-01-12,24.35,24.62,23.85,24.49,5671400,24.24
2005-01-11,24.01,24.52,23.81,23.99,6799500,23.74
2005-01-10,24.14,24.94,24.06,24.59,6702000,24.33
2005-01-07,23.80,24.12,23.49,23.96,6094900,23.71
2005-01-06,23.50,23.70,23.14,23.42,4648600,23.18
2005-01-05,23.25,23.51,22.92,23.17,5670100,22.93
2005-01-04,24.26,24.34,23.05,23.37,6177100,23.13
2005-01-03,25.07,25.30,24.14,24.18,7750400,23.93
2004-12-31,25.25,25.49,24.97,24.97,1834300,24.71
2004-12-30,25.40,25.55,25.00,25.32,2387800,25.06
2004-12-29,24.79,25.46,24.79,25.40,3538600,25.14
2004-12-28,25.11,25.20,24.36,24.99,5354900,24.73
2004-12-27,25.99,26.00,24.98,25.31,4982500,25.05
2004-12-23,24.46,25.83,24.30,25.55,12028300,25.28
2004-12-22,24.14,24.60,24.02,24.20,6069200,23.95
2004-12-21,22.74,24.01,22.70,24.01,10364600,23.76
2004-12-20,22.84,22.98,22.27,22.35,3539100,22.12
2004-12-17,23.00,23.00,22.50,22.77,4766700,22.53
2004-12-16,23.49,23.52,22.65,22.82,3620700,22.58
2004-12-15,22.95,23.54,22.87,23.41,4078200,23.17
2004-12-14,22.76,22.99,22.55,22.89,3109900,22.65
2004-12-13,23.08,23.11,22.47,22.63,3433100,22.39
2004-12-10,22.79,23.26,22.60,22.73,4748100,22.49
2004-12-09,22.95,23.02,22.15,22.85,8286700,22.61
2004-12-08,23.76,23.83,23.01,23.23,4216900,22.99
2004-12-07,24.71,24.82,23.44,23.56,5797100,23.32
2004-12-06,24.09,24.79,23.80,24.66,4463800,24.40
2004-12-03,24.72,24.75,23.81,24.05,6568000,23.80
2004-12-02,23.45,24.01,23.17,23.92,6102100,23.67
2004-12-01,23.00,23.31,22.86,23.26,5166200,23.02
2004-11-30,22.72,22.86,22.41,22.58,3762200,22.35
2004-11-29,23.44,23.50,22.55,22.66,4600500,22.42
2004-11-26,22.98,23.15,22.86,23.04,1744300,22.80
2004-11-24,22.59,22.95,22.52,22.88,2656000,22.64
2004-11-23,22.21,22.74,22.21,22.44,3627100,22.21
2004-11-22,22.36,22.43,21.65,22.22,4304500,21.99
2004-11-19,23.00,23.00,22.43,22.49,2878200,22.26
2004-11-18,22.45,23.08,22.34,22.96,3709700,22.72
2004-11-17,23.11,23.32,22.37,22.63,6552600,22.39
2004-11-16,22.70,22.96,22.35,22.73,4999800,22.49
2004-11-15,21.95,23.00,21.70,22.74,9195700,22.50
2004-11-12,21.25,21.90,21.20,21.82,5246600,21.59
2004-11-11,21.00,21.27,20.74,21.12,3663500,20.90
2004-11-10,21.14,21.14,20.62,20.64,3796500,20.43
2004-11-09,21.05,21.25,20.87,21.05,3016000,20.83
2004-11-08,21.18,21.45,20.94,21.06,3493400,20.84
2004-11-05,21.08,21.45,20.84,21.24,7982700,21.02
2004-11-04,20.26,20.73,20.22,20.59,4514900,20.38
2004-11-03,21.52,21.52,20.40,20.44,6214500,20.23
2004-11-02,20.81,21.22,20.63,20.95,6029600,20.73
2004-11-01,20.76,21.04,20.57,20.73,3706200,20.51
2004-10-29,20.70,21.31,20.67,20.87,4785000,20.65
2004-10-28,20.34,21.06,20.22,20.78,6444800,20.56
2004-10-27,20.09,20.54,19.72,20.46,6036600,20.25
2004-10-26,19.99,20.09,19.66,19.90,4453900,19.69
2004-10-25,20.12,20.16,19.70,19.74,6053500,19.53
2004-10-22,20.26,20.59,20.05,20.11,4912400,19.90
2004-10-21,20.52,20.56,20.22,20.50,9058500,20.29
2004-10-20,20.90,21.05,20.23,20.25,8495700,20.04
2004-10-19,21.15,21.45,20.80,20.84,9850000,20.62
2004-10-18,20.32,20.79,20.09,20.65,7578500,20.44
2004-10-15,20.78,20.98,20.32,20.43,15685900,20.22
2004-10-14,21.89,22.17,20.32,20.52,57823100,20.31
2004-10-13,28.51,28.80,27.73,28.20,16246400,27.91
2004-10-12,27.35,28.37,26.96,28.30,13934000,28.01
2004-10-11,30.00,30.19,28.66,28.96,7854000,28.66
2004-10-08,30.53,30.97,29.79,30.20,5840900,29.89
2004-10-07,31.30,31.96,30.93,30.95,5962400,30.63
2004-10-06,30.74,31.49,30.63,31.42,5343700,31.09
2004-10-05,30.52,31.14,30.20,30.91,8022800,30.59
2004-10-04,30.94,31.38,30.75,31.20,9273900,30.88
2004-10-01,29.55,30.53,29.34,30.42,8466000,30.10
2004-09-30,29.20,29.60,28.94,29.12,5781000,28.82
2004-09-29,28.39,29.22,28.25,28.98,7531300,28.68
2004-09-28,28.04,28.28,27.51,27.99,6455700,27.70
2004-09-27,27.01,28.15,26.95,27.57,6035000,27.28
2004-09-24,28.23,28.55,27.11,27.38,7489800,27.10
2004-09-23,27.94,28.37,27.68,28.08,5758300,27.79
2004-09-22,28.18,28.70,27.74,27.95,8640700,27.66
2004-09-21,27.76,28.36,27.50,28.09,10200000,27.80
2004-09-20,26.18,27.49,26.09,27.22,7849600,26.94
2004-09-17,26.05,26.37,25.83,26.30,5816900,26.03
2004-09-16,25.45,26.33,25.44,25.90,4567700,25.63
2004-09-15,26.06,26.10,25.41,25.51,4872600,25.24
2004-09-14,26.31,26.88,25.93,26.18,8688500,25.91
2004-09-13,25.66,26.33,25.34,25.88,9966900,25.61
2004-09-10,24.45,25.44,24.26,25.23,8425100,24.97
2004-09-09,23.38,24.51,23.24,24.25,6600000,24.00
2004-09-08,23.27,23.90,22.76,23.04,5181900,22.80
2004-09-07,23.48,23.66,23.17,23.36,2890100,23.12
2004-09-03,23.37,23.69,22.91,23.09,4234600,22.85
2004-09-02,23.72,23.99,23.51,23.90,3045500,23.65
2004-09-01,23.36,23.89,23.20,23.80,2940500,23.55
2004-08-31,23.56,23.66,22.95,23.35,3770400,23.11
2004-08-30,23.66,24.17,23.50,23.53,3109600,23.29
2004-08-27,23.08,24.00,22.98,23.86,4457900,23.61
2004-08-26,23.08,23.28,22.88,22.98,2461500,22.74
2004-08-25,22.81,23.44,22.59,23.10,3652800,22.86
2004-08-24,23.55,23.64,22.85,22.95,4573800,22.71
2004-08-23,23.42,23.55,23.03,23.17,3102700,22.93
2004-08-20,22.88,23.39,22.87,23.24,2998200,23.00
2004-08-19,23.24,23.55,22.65,23.07,3852300,22.83
2004-08-18,22.29,23.36,22.01,23.22,4256900,22.98
2004-08-17,22.75,22.80,22.40,22.45,3077000,22.22
2004-08-16,21.60,22.55,21.60,22.30,3779200,22.07
2004-08-13,21.65,21.70,21.23,21.60,3891800,21.38
2004-08-12,21.30,21.63,21.06,21.19,4220900,20.97
2004-08-11,22.44,22.85,21.25,21.69,7480800,21.46
2004-08-10,22.81,23.09,22.58,23.02,3314900,22.78
2004-08-09,22.80,24.49,22.38,22.41,3613500,22.18
2004-08-06,22.63,22.86,22.10,22.19,4650100,21.96
2004-08-05,23.91,23.99,23.08,23.15,3763600,22.91
2004-08-04,22.96,24.00,22.84,23.77,4850900,23.52
2004-08-03,23.82,23.99,23.10,23.11,3580300,22.87
2004-08-02,24.01,24.23,23.56,23.97,5229800,23.72
2004-07-30,24.05,24.54,23.80,24.32,4043500,24.07
2004-07-29,23.94,24.45,23.50,24.20,6582500,23.95
2004-07-28,23.90,24.38,23.30,23.70,5030700,23.45
2004-07-27,23.47,24.26,22.96,24.15,6172100,23.90
2004-07-26,23.61,23.98,23.15,23.33,5017000,23.09
2004-07-23,24.00,24.24,23.20,23.45,3958400,23.21
2004-07-22,23.69,24.40,23.46,24.29,6326500,24.04
2004-07-21,25.49,25.50,23.70,23.81,6897100,23.56
2004-07-20,24.18,24.99,23.87,24.99,6968500,24.73
2004-07-19,24.06,24.44,23.45,24.16,7219200,23.91
2004-07-16,24.07,24.40,23.64,23.69,11197200,23.44
2004-07-15,24.40,25.75,23.76,24.09,52157400,23.84
2004-07-14,20.05,24.25,19.80,19.98,15424200,19.77
2004-07-13,20.55,21.02,20.36,20.63,5378700,20.42
2004-07-12,20.80,20.91,20.03,20.48,6564600,20.27
2004-07-09,20.44,21.09,20.32,20.93,8415300,20.71
2004-07-08,19.53,20.08,19.43,19.61,6534600,19.41
2004-07-07,20.02,20.31,19.28,19.82,8498400,19.61
2004-07-06,20.65,20.68,20.00,20.00,7394500,19.79
2004-07-02,20.90,21.21,20.37,20.93,5948000,20.71
2004-07-01,21.70,21.93,20.77,20.87,7984600,20.65
2004-06-30,21.87,22.31,21.38,21.69,10936000,21.46
2004-06-29,21.31,22.50,21.25,22.41,7799700,22.18
2004-06-28,22.21,22.31,21.12,21.31,6309300,21.09
2004-06-25,21.90,22.33,21.44,21.93,4707800,21.70
2004-06-24,22.35,22.94,21.92,22.06,9640800,21.83
2004-06-23,21.55,22.24,21.23,22.15,10601600,21.92
2004-06-22,20.16,21.61,20.13,21.46,9315300,21.24
2004-06-21,20.48,20.56,20.05,20.12,4034400,19.91
2004-06-18,19.97,20.71,19.79,20.37,6382300,20.16
2004-06-17,20.22,20.38,19.89,20.11,8405700,19.90
2004-06-16,20.86,21.03,20.22,20.61,4333700,20.40
2004-06-15,21.00,21.10,20.50,20.68,5753300,20.47
2004-06-14,20.88,20.95,20.17,20.51,10790900,20.30
2004-06-10,21.79,22.12,21.22,21.33,7278700,21.11
2004-06-09,21.92,22.19,21.29,21.70,13906300,21.47
2004-06-08,22.81,23.07,22.49,22.65,6745400,22.41
2004-06-07,23.01,23.25,22.74,23.15,5098400,22.91
2004-06-04,23.46,23.55,22.84,22.90,5865300,22.66
2004-06-03,23.96,24.00,22.95,22.95,5270900,22.71
2004-06-02,23.96,24.28,23.50,23.90,5186200,23.65
2004-06-01,24.25,24.32,23.45,23.90,5429400,23.65
2004-05-28,24.64,24.65,23.86,24.65,7442800,24.39
2004-05-27,24.86,24.88,24.21,24.56,6101700,24.30
2004-05-26,24.30,24.85,24.18,24.39,6630900,24.14
2004-05-25,23.08,24.74,22.59,24.45,7249000,24.20
2004-05-24,23.02,23.18,22.65,22.81,4550400,22.57
2004-05-21,23.23,23.33,22.48,22.78,4261900,22.54
2004-05-20,23.61,23.92,22.65,22.90,5462400,22.66
2004-05-19,23.92,24.20,23.19,23.19,6088700,22.95
2004-05-18,22.74,23.32,22.55,23.10,5282800,22.86
2004-05-17,22.52,22.64,21.75,22.25,12004000,22.02
2004-05-14,24.73,24.88,23.64,23.86,9543800,23.61
2004-05-13,23.71,24.97,23.50,24.68,10257300,24.42
2004-05-12,23.96,24.00,22.50,23.65,9010800,23.40
2004-05-11,23.74,24.04,23.33,23.61,3972700,23.36
2004-05-10,23.06,23.68,22.57,23.34,7540300,23.10
2004-05-07,23.41,24.25,23.29,23.45,5750700,23.21
2004-05-06,24.00,24.06,23.17,23.65,4736800,23.40
2004-05-05,24.08,24.30,23.60,24.00,4242700,23.75
2004-05-04,23.80,24.58,23.46,23.98,6902000,23.73
2004-05-03,23.98,23.98,23.10,23.58,7803000,23.34
2004-04-30,24.55,24.55,22.53,23.15,12463600,22.91
2004-04-29,25.61,25.75,24.12,24.67,7895700,24.41
2004-04-28,25.50,26.25,25.16,25.75,6976600,25.48
2004-04-27,26.27,26.42,25.52,25.62,4658400,25.35
2004-04-26,27.00,27.00,25.91,26.12,5611000,25.85
2004-04-23,27.70,27.74,26.75,26.88,5807300,26.60
2004-04-22,27.29,28.24,27.16,27.47,5366200,27.18
2004-04-21,27.25,27.65,26.75,27.57,5697100,27.28
2004-04-20,28.20,28.24,27.00,27.09,8461200,26.81
2004-04-19,26.59,28.07,26.37,27.88,9691000,27.59
2004-04-16,27.08,27.36,26.05,26.52,15209900,26.24
2004-04-15,28.15,29.25,27.75,27.91,27431400,27.62
2004-04-14,30.95,32.98,30.80,32.51,14019700,32.17
2004-04-13,32.70,32.85,31.25,31.53,5935700,31.20
2004-04-12,33.01,33.19,32.17,32.47,4158900,32.13
2004-04-08,33.22,33.25,32.50,32.67,6347200,32.33
2004-04-07,31.51,32.71,31.27,32.25,8766400,31.91
2004-04-06,31.09,31.80,31.00,31.45,6386000,31.12
2004-04-05,29.86,31.86,29.86,31.73,8207900,31.40
2004-04-02,30.39,30.43,29.64,30.00,7573600,29.69
2004-04-01,28.35,29.14,28.25,29.08,6044800,28.78
2004-03-31,28.87,29.10,28.29,28.36,4731900,28.07
2004-03-30,28.56,28.98,28.11,28.85,4018300,28.55
2004-03-29,28.89,29.10,28.55,28.82,5217700,28.52
2004-03-26,27.97,28.79,27.66,28.20,6282600,27.91
2004-03-25,27.14,27.90,26.87,27.82,9814200,27.53
2004-03-24,25.90,26.86,25.90,26.74,6237200,26.46
2004-03-23,26.20,26.33,25.56,25.80,6448700,25.53
2004-03-22,25.75,25.75,25.06,25.42,6259200,25.16
2004-03-19,26.27,26.82,25.89,25.98,6777100,25.71
2004-03-18,26.74,26.96,25.87,26.34,5880700,26.07
2004-03-17,27.24,27.24,26.51,26.94,6082800,26.66
2004-03-16,26.89,27.38,26.19,26.70,7668200,26.42
2004-03-15,27.02,27.36,26.50,26.60,6356500,26.32
2004-03-12,26.31,27.38,26.26,27.21,7132100,26.93
2004-03-11,26.30,27.00,25.42,25.98,13474800,25.71
2004-03-10,27.50,27.75,26.35,26.48,7924100,26.20
2004-03-09,27.93,28.15,27.13,27.50,7790600,27.21
2004-03-08,29.40,29.41,27.52,27.69,6799900,27.40
2004-03-05,29.10,29.51,28.51,28.92,6539500,28.62
2004-03-04,29.00,29.61,28.75,29.44,11551500,29.13
2004-03-03,27.81,28.65,27.54,28.55,9604000,28.25
2004-03-02,27.55,28.50,27.52,27.96,14497300,27.67
2004-03-01,26.11,28.50,26.01,28.30,17035000,28.01
2004-02-27,26.00,26.35,25.25,25.42,12400300,25.16
2004-02-26,24.10,25.94,23.93,25.52,13733400,25.25
2004-02-25,23.93,24.34,23.82,24.11,5752400,23.86
2004-02-24,23.80,24.39,23.49,23.75,8100600,23.50
2004-02-23,25.44,25.44,23.71,23.99,9778100,23.74
2004-02-20,25.92,25.98,25.03,25.14,6428700,24.88
2004-02-19,26.99,27.30,25.61,25.71,10941500,25.44
2004-02-18,51.31,52.35,51.00,51.92,5549800,25.69
2004-02-17,51.54,52.21,50.09,51.69,7722400,25.58
2004-02-13,51.62,52.19,50.32,50.84,6948400,25.16
2004-02-12,52.64,52.89,51.00,51.47,7274200,25.47
2004-02-11,51.44,52.48,50.80,52.28,11208800,25.87
2004-02-10,50.85,51.32,49.92,50.25,13175000,24.86
2004-02-09,53.15,53.65,51.23,51.46,9249800,25.46
2004-02-06,52.00,53.24,51.43,53.12,10910400,26.28
2004-02-05,50.15,51.88,49.11,51.41,14126400,25.44
2004-02-04,48.70,50.48,48.41,49.72,23403800,24.60
2004-02-03,51.88,52.15,48.60,48.75,31287800,24.12
2004-02-02,55.24,55.37,53.27,53.29,14692800,26.37
2004-01-30,56.07,56.15,53.75,54.30,18098800,26.87
2004-01-29,59.16,59.30,56.03,57.18,13550200,28.29
2004-01-28,59.04,59.61,58.00,58.17,9499000,28.78
2004-01-27,59.70,60.59,58.00,58.14,9142000,28.77
2004-01-26,60.06,60.49,58.06,60.35,14875800,29.86
2004-01-23,60.01,61.35,59.30,59.78,14055200,29.58
2004-01-22,61.98,63.25,59.62,59.75,38326400,29.56
2004-01-21,71.53,71.53,69.55,69.59,16353600,34.43
2004-01-20,69.60,72.69,69.28,72.45,12853200,35.85
2004-01-16,68.23,69.21,66.24,69.17,8050600,34.23
2004-01-15,67.16,68.80,66.50,67.81,15208800,33.55
2004-01-14,68.90,68.90,65.22,65.25,16447800,32.29
2004-01-13,70.75,71.43,69.17,69.44,12778200,34.36
2004-01-12,68.40,68.84,67.20,68.69,6903800,33.99
2004-01-09,66.74,69.89,66.45,67.83,9689600,33.56
2004-01-08,68.75,68.90,66.72,67.81,9346000,33.55
2004-01-07,66.95,68.24,66.75,67.83,13515400,33.56
2004-01-06,65.82,65.84,63.66,64.34,8912400,31.84
2004-01-05,63.34,65.50,62.78,65.24,9448400,32.28
2004-01-02,61.92,63.18,61.55,62.26,5773800,30.81
2003-12-31,61.98,62.30,60.40,61.20,5579200,30.28
2003-12-30,62.18,63.59,61.05,61.38,6041000,30.37
2003-12-29,61.65,62.20,60.75,62.09,5510800,30.72
2003-12-26,62.71,62.80,61.05,61.12,3204600,30.24
2003-12-24,60.05,62.41,60.03,61.80,5047600,30.58
2003-12-23,59.46,60.49,59.06,59.85,7010000,29.61
2003-12-22,61.46,62.88,58.60,59.50,13397400,29.44
2003-12-19,59.77,61.41,58.80,60.99,19848200,30.18
2003-12-18,57.43,58.50,57.05,57.73,13194400,28.57
2003-12-17,54.11,57.41,53.20,56.79,23180600,28.10
2003-12-16,60.60,61.00,53.72,55.25,39177200,27.34
2003-12-15,64.13,64.45,60.75,60.86,11926000,30.11
2003-12-12,63.60,63.74,61.71,62.28,9461600,30.82
2003-12-11,60.54,64.11,60.53,63.00,21175200,31.17
2003-12-10,61.30,61.39,58.54,60.33,25481200,29.85
2003-12-09,67.10,67.37,59.90,60.80,20940000,30.08
2003-12-08,65.32,66.57,64.41,66.34,15076800,32.83
2003-12-05,66.50,67.17,63.77,64.35,20423400,31.84
2003-12-04,72.48,73.45,65.66,68.41,35271600,33.85
2003-12-03,79.38,79.45,71.68,71.90,17758600,35.58
2003-12-02,78.91,80.05,77.90,78.21,7894800,38.70
2003-12-01,81.60,81.79,78.51,79.06,8547000,39.12
2003-11-28,79.45,81.13,79.45,80.82,1591200,39.99
2003-11-26,79.94,80.08,77.43,79.80,6191000,39.49
2003-11-25,79.97,81.50,78.57,78.97,7558800,39.07
2003-11-24,77.85,80.00,77.11,79.85,6589000,39.51
2003-11-21,77.50,77.95,75.65,76.54,7332400,37.87
2003-11-20,78.19,80.31,76.85,76.97,9401400,38.09
2003-11-19,78.76,79.33,76.59,78.17,9071200,38.68
2003-11-18,79.66,81.57,78.25,78.39,9206600,38.79
2003-11-17,79.50,79.74,77.50,78.91,8548600,39.05
2003-11-14,83.05,83.74,80.20,80.70,7422800,39.93
2003-11-13,84.45,85.04,82.51,82.99,7275000,41.06
2003-11-12,82.11,85.05,81.99,84.99,10726400,42.05
2003-11-11,81.78,82.81,81.24,81.60,5572800,40.38
2003-11-10,84.65,84.77,82.50,82.62,5745600,40.88
2003-11-07,86.00,86.30,84.20,84.77,6911600,41.94
2003-11-06,85.03,85.45,83.06,84.67,5914800,41.90
2003-11-05,80.87,84.90,80.72,84.90,10368000,42.01
2003-11-04,79.75,81.90,79.52,80.67,4374200,39.92
2003-11-03,80.00,81.36,79.27,80.27,6842800,39.72
2003-10-31,80.17,81.00,78.65,80.60,5335800,39.88
2003-10-30,82.33,82.50,79.37,79.81,5426000,39.49
2003-10-29,80.50,81.94,80.20,81.38,5464400,40.27
2003-10-28,78.80,80.94,78.20,80.85,6876000,40.01
2003-10-27,77.10,78.52,77.00,77.95,5940600,38.57
2003-10-24,75.20,77.19,74.15,76.30,7907000,37.75
2003-10-23,73.01,76.84,71.34,76.30,9632200,37.75
2003-10-22,77.25,77.50,73.61,74.19,7306800,36.71
2003-10-21,78.26,78.45,76.81,77.81,5174600,38.50
2003-10-20,74.90,77.86,73.16,77.56,10910000,38.38
2003-10-17,77.31,78.00,74.58,74.68,8634200,36.95
2003-10-16,78.56,79.00,77.27,77.85,7019800,38.52
2003-10-15,80.03,81.75,78.21,78.65,21450200,38.92
2003-10-14,74.15,75.50,72.89,75.44,6775200,37.33
2003-10-13,72.60,74.14,72.11,73.81,4886800,36.52
2003-10-10,71.99,72.96,71.10,72.95,5864800,36.10
2003-10-09,71.80,73.75,71.04,71.48,6723800,35.37
2003-10-08,72.68,73.02,70.61,71.12,6517800,35.19
2003-10-07,71.36,72.49,70.56,72.41,5862600,35.83
2003-10-06,71.30,72.49,71.13,71.68,5023200,35.47
2003-10-03,69.00,72.08,68.70,71.18,11535800,35.22
2003-10-02,65.81,67.65,65.33,67.42,7731000,33.36
2003-10-01,64.27,66.11,63.75,66.11,8626200,32.71
2003-09-30,63.76,64.49,62.85,63.72,7062200,31.53
2003-09-29,64.24,65.15,63.01,64.17,8734000,31.75
2003-09-26,65.34,65.39,63.54,63.73,8952000,31.53
2003-09-25,65.27,66.50,64.48,65.26,20425800,32.29
2003-09-24,66.19,68.15,65.91,65.91,11095800,32.61
2003-09-23,65.35,66.67,64.85,66.25,7158400,32.78
2003-09-22,65.15,66.06,65.01,65.60,6172200,32.46
2003-09-19,66.25,67.00,65.16,66.75,6372200,33.03
2003-09-18,64.19,66.86,63.20,66.46,7571200,32.88
2003-09-17,63.18,64.67,62.60,64.43,5949800,31.88
2003-09-16,61.46,63.23,61.43,63.23,5527000,31.29
2003-09-15,61.55,62.79,60.75,61.17,8146200,30.27
2003-09-12,61.80,63.72,61.37,63.61,5263200,31.47
2003-09-11,61.15,63.19,60.71,62.25,7152400,30.80
2003-09-10,63.04,63.13,61.08,61.10,5790200,30.23
2003-09-09,63.70,64.52,62.90,63.47,4818800,31.41
2003-09-08,64.20,65.02,63.15,63.95,6079200,31.64
2003-09-05,62.75,65.10,62.15,63.99,8920000,31.66
2003-09-04,61.21,63.15,60.33,63.05,5562400,31.20
2003-09-03,60.59,62.28,59.77,61.21,7161000,30.29
2003-09-02,60.33,60.92,59.02,60.22,5265200,29.80
2003-08-29,60.06,61.00,60.00,60.45,5278600,29.91
2003-08-28,60.91,61.15,59.51,60.28,5385400,29.83
2003-08-27,58.36,60.25,58.32,60.16,4443200,29.77
2003-08-26,57.77,58.50,56.75,58.48,4611400,28.94
2003-08-25,59.30,59.47,57.67,57.96,4032000,28.68
2003-08-22,59.50,60.94,59.07,59.50,6874200,29.44
2003-08-21,57.89,58.95,56.35,58.76,8431400,29.07
2003-08-20,56.40,57.87,56.35,57.45,5719400,28.43
2003-08-19,56.75,57.85,56.33,57.31,6985600,28.36
2003-08-18,53.05,56.67,53.00,56.53,7572800,27.97
2003-08-15,52.92,56.00,52.28,52.80,5418600,26.13
2003-08-14,50.77,52.98,50.72,52.61,8080000,26.03
2003-08-13,50.58,52.20,50.58,51.51,5727600,25.49
2003-08-12,50.20,50.61,49.05,50.28,4795000,24.88
2003-08-11,48.00,50.29,47.95,49.76,8599200,24.62
2003-08-08,52.06,52.35,47.05,47.90,16131600,23.70
2003-08-07,51.81,52.67,51.40,51.82,7342600,25.64
2003-08-06,54.30,54.75,51.41,52.02,18315000,25.74
2003-08-05,58.20,59.10,56.72,56.90,9430800,28.15
2003-08-04,56.25,58.52,55.60,58.23,8498200,28.81
2003-08-01,56.84,56.97,55.59,56.32,6341000,27.87
2003-07-31,57.33,58.10,56.53,56.69,8384000,28.05
2003-07-30,56.55,58.41,56.53,56.78,6446000,28.10
2003-07-29,55.76,57.80,55.51,56.75,9134800,28.08
2003-07-28,56.72,57.23,55.13,55.34,7226200,27.38
2003-07-25,54.26,56.76,54.26,56.44,6378000,27.93
2003-07-24,55.00,56.75,54.70,54.82,9864000,27.13
2003-07-23,52.80,55.00,52.24,54.75,8673800,27.09
2003-07-22,52.51,53.33,51.82,52.95,9874800,26.20
2003-07-21,55.10,55.10,51.64,51.94,15198600,25.70
2003-07-18,55.00,55.90,52.46,54.98,17073800,27.20
2003-07-17,50.22,54.90,50.04,54.51,24364800,26.97
2003-07-16,49.09,49.90,48.23,48.70,8175600,24.10
2003-07-15,50.26,50.65,48.27,49.00,5900200,24.25
2003-07-14,49.09,50.50,49.09,49.74,7009200,24.61
2003-07-11,46.81,48.22,46.50,48.18,5660400,23.84
2003-07-10,45.96,46.93,45.21,46.76,7609600,23.14
2003-07-09,46.66,47.43,45.87,46.45,5779800,22.98
2003-07-08,45.85,47.21,45.10,46.81,5904800,23.16
2003-07-07,43.57,46.00,43.51,45.91,8458800,22.72
2003-07-03,42.24,43.41,41.96,43.18,3076000,21.37
2003-07-02,41.73,42.92,41.13,42.75,8405800,21.15
2003-07-01,40.09,41.70,39.50,41.62,6415600,20.59
2003-06-30,41.85,42.20,38.00,40.57,8980200,20.07
2003-06-27,39.55,41.45,39.53,41.20,7209000,20.39
2003-06-26,40.29,40.69,39.32,39.72,8104000,19.65
2003-06-25,39.80,41.40,39.45,40.25,9171000,19.92
2003-06-24,36.53,40.76,35.75,39.63,16012600,19.61
2003-06-23,38.01,38.25,37.30,37.42,3940600,18.52
2003-06-20,38.91,38.92,37.49,38.16,5404000,18.88
2003-06-19,39.35,39.45,38.00,38.40,4547600,19.00
2003-06-18,38.29,39.24,37.79,39.10,5159600,19.35
2003-06-17,38.00,39.90,37.90,38.44,12092800,19.02
2003-06-16,36.99,37.29,35.66,36.72,8799000,18.17
2003-06-13,37.89,38.50,36.28,36.35,6420800,17.99
2003-06-12,37.64,39.24,37.19,37.71,10062000,18.66
2003-06-11,36.10,37.45,35.46,37.38,5776600,18.50
2003-06-10,35.05,36.28,35.02,36.15,4747800,17.89
2003-06-09,35.62,36.49,34.31,34.75,7505800,17.19
2003-06-06,38.69,38.85,35.65,35.92,9127600,17.77
2003-06-05,36.26,38.25,36.15,38.05,7774400,18.83
2003-06-04,36.28,37.26,35.50,36.80,7495200,18.21
2003-06-03,35.85,36.45,35.05,36.44,9164800,18.03
2003-06-02,36.20,38.22,36.20,36.71,9550800,18.16
2003-05-30,36.25,36.60,35.50,36.34,8141600,17.98
2003-05-29,36.03,36.93,35.35,35.98,12101400,17.80
2003-05-28,34.56,37.42,34.50,36.22,17287600,17.92
2003-05-27,32.77,34.90,32.58,34.43,12197800,17.04
2003-05-23,30.99,33.40,30.83,33.04,8373400,16.35
2003-05-22,31.59,31.65,30.77,31.16,7604400,15.42
2003-05-21,29.37,31.60,29.25,31.36,19996800,15.52
2003-05-20,27.64,28.59,27.56,28.41,7325200,14.06
2003-05-19,28.61,29.00,27.35,27.35,7350000,13.53
2003-05-16,28.60,29.48,28.41,28.61,7060600,14.16
2003-05-15,28.96,29.85,28.42,28.90,9780000,14.30
2003-05-14,27.80,28.90,27.78,28.80,8638400,14.25
2003-05-13,27.60,28.30,27.35,27.96,6935200,13.83
2003-05-12,26.17,28.14,26.00,28.10,8600000,13.90
2003-05-09,25.42,26.10,25.35,26.02,3835600,12.87
2003-05-08,25.20,25.60,24.70,25.25,3649400,12.49
2003-05-07,25.97,26.48,25.41,25.60,5347600,12.67
2003-05-06,25.73,26.29,25.48,26.10,5486600,12.91
2003-05-05,25.54,26.45,25.20,25.70,5687400,12.72
2003-05-02,24.44,25.85,24.18,25.55,8800200,12.64
2003-05-01,24.22,24.71,23.97,24.46,4657400,12.10
2003-04-30,23.50,24.48,23.31,24.19,6284400,11.97
2003-04-29,23.09,23.99,23.09,23.48,4443000,11.62
2003-04-28,23.19,23.72,22.82,23.03,6031400,11.40
2003-04-25,22.60,23.40,22.51,23.01,6733000,11.39
2003-04-24,23.60,23.92,22.89,22.98,9178200,11.37
2003-04-23,24.34,24.90,23.66,24.25,9528000,12.00
2003-04-22,23.31,24.48,23.17,24.37,10536200,12.06
2003-04-21,22.15,23.88,22.05,23.47,13788400,11.61
2003-04-17,19.65,22.48,19.48,21.99,36645400,10.88
2003-04-16,18.02,18.21,17.45,17.80,8375400,8.81
2003-04-15,17.20,18.13,17.12,17.70,5116000,8.76
2003-04-14,17.02,17.37,16.42,17.29,4738000,8.56
2003-04-11,16.85,17.15,16.61,16.66,5273400,8.24
2003-04-10,16.93,17.25,16.45,16.58,9289600,8.20
2003-04-09,17.00,17.61,16.86,16.94,5516000,8.38
2003-04-08,17.18,17.25,16.72,16.89,4696400,8.36
2003-04-07,18.67,18.80,16.95,17.05,7836400,8.44
2003-04-04,18.01,18.35,17.56,17.74,3321200,8.78
2003-04-03,18.36,18.38,17.59,17.85,4030400,8.83
2003-04-02,17.73,18.13,17.63,18.01,5933000,8.91
2003-04-01,17.00,17.47,16.65,17.13,4728600,8.48
2003-03-31,17.37,17.38,16.64,16.82,5478000,8.32
2003-03-28,18.26,18.26,17.31,17.49,6512800,8.65
2003-03-27,18.57,18.63,17.93,18.31,6052000,9.06
2003-03-26,19.22,19.24,18.68,18.85,4462400,9.33
2003-03-25,19.39,19.85,19.05,19.21,6048400,9.51
2003-03-24,19.70,19.98,19.29,19.35,5141200,9.57
2003-03-21,20.79,21.28,20.08,20.47,7028800,10.13
2003-03-20,19.65,20.85,19.54,20.61,4742200,10.20
2003-03-19,20.11,20.41,19.08,20.09,5082800,9.94
2003-03-18,20.14,20.85,19.85,20.09,5635600,9.94
2003-03-17,18.65,20.72,18.53,20.41,9326800,10.10
2003-03-14,18.75,19.74,18.55,19.11,8514400,9.46
2003-03-13,17.12,18.55,17.06,18.51,5762800,9.16
2003-03-12,16.16,16.76,16.15,16.65,5207800,8.24
2003-03-11,16.63,16.78,16.21,16.21,1445800,8.02
2003-03-10,16.78,17.15,16.39,16.40,2048800,8.11
2003-03-07,16.55,17.22,16.40,16.95,4806800,8.39
2003-03-06,16.80,17.31,16.50,17.08,3603200,8.45
2003-03-05,16.35,16.91,16.35,16.72,2488400,8.27
2003-03-04,16.70,16.83,16.38,16.57,3281200,8.20
2003-03-03,16.98,17.19,16.45,16.65,5329600,8.24
2003-02-28,16.15,16.75,16.12,16.68,3712000,8.25
2003-02-27,15.77,16.20,15.45,16.02,5530800,7.93
2003-02-26,16.05,16.31,15.29,15.36,4542800,7.60
2003-02-25,15.97,16.15,15.65,16.12,4439000,7.98
2003-02-24,16.42,16.58,16.03,16.09,3596600,7.96
2003-02-21,16.84,16.90,16.00,16.47,4508600,8.15
2003-02-20,17.29,17.88,16.90,17.00,5058600,8.41
2003-02-19,17.50,17.51,16.70,17.16,4380400,8.49
2003-02-18,16.50,17.50,16.15,17.44,5748200,8.63
2003-02-14,15.50,16.18,15.45,16.09,3314000,7.96
2003-02-13,15.53,15.67,15.10,15.42,2136000,7.63
2003-02-12,15.73,16.21,15.37,15.43,3853000,7.63
2003-02-11,15.66,16.00,15.57,15.83,3740800,7.83
2003-02-10,15.40,15.80,14.94,15.45,4101600,7.64
2003-02-07,15.95,16.09,14.97,15.15,3450400,7.50
2003-02-06,16.21,16.40,15.51,15.72,2968800,7.78
2003-02-05,16.31,16.98,16.12,16.26,7051800,8.05
2003-02-04,15.79,16.29,15.52,16.20,5781000,8.02
2003-02-03,15.53,16.16,15.13,15.94,6449800,7.89
2003-01-31,15.21,15.44,14.78,15.25,5502200,7.55
2003-01-30,16.70,16.94,15.35,15.45,5677000,7.64
2003-01-29,15.21,16.65,15.10,16.62,6704000,8.22
2003-01-28,15.91,15.92,15.27,15.42,6775200,7.63
2003-01-27,16.39,16.50,15.11,15.49,10916800,7.66
2003-01-24,17.61,17.75,16.41,16.45,12345200,8.14
2003-01-23,20.27,20.42,17.06,17.59,23919600,8.70
2003-01-22,17.55,18.90,17.50,18.50,10233200,9.15
2003-01-21,17.71,18.44,17.35,17.73,4954400,8.77
2003-01-17,17.79,17.98,16.93,17.54,6209000,8.68
2003-01-16,19.85,19.86,17.76,18.19,10846200,9.00
2003-01-15,20.68,20.90,19.52,19.62,5013800,9.71
2003-01-14,19.96,20.86,19.85,20.39,5243000,10.09
2003-01-13,20.75,21.24,19.50,19.95,6762600,9.87
2003-01-10,19.83,20.90,19.60,20.24,9084800,10.01
2003-01-09,22.35,22.92,19.23,19.91,18531800,9.85
2003-01-08,23.26,23.64,21.30,21.92,8456800,10.85
2003-01-07,23.35,24.39,23.25,23.60,7572600,11.68
2003-01-06,21.85,23.42,21.80,23.22,4189400,11.49
2003-01-03,21.73,21.93,21.11,21.62,3048200,10.70
2003-01-02,20.55,21.58,20.31,21.56,4038000,10.67
2002-12-31,20.33,20.70,20.00,20.30,6580200,10.04
2002-12-30,21.10,21.68,20.43,20.48,3187600,10.13
2002-12-27,21.40,21.90,21.02,21.10,2037000,10.44
2002-12-26,22.60,22.99,21.37,21.58,3125600,10.68
2002-12-24,22.59,22.81,22.12,22.15,1041200,10.96
2002-12-23,22.64,23.01,21.90,22.37,3542000,11.07
2002-12-20,22.55,23.24,22.50,22.56,4784400,11.16
2002-12-19,21.63,23.40,21.63,22.73,6107400,11.25
2002-12-18,22.66,22.94,21.65,21.85,7096600,10.81
2002-12-17,22.32,24.05,21.74,23.15,8617000,11.45
2002-12-16,21.56,22.43,20.88,22.18,7081600,10.97
2002-12-13,22.94,23.00,21.47,21.51,5250600,10.64
2002-12-12,23.17,23.65,22.85,23.36,6204600,11.56
2002-12-11,22.10,22.85,21.61,22.68,6714600,11.22
2002-12-10,21.88,22.70,21.80,22.16,10642600,10.96
2002-12-09,24.15,24.69,22.26,22.29,7611200,11.03
2002-12-06,24.09,25.13,24.06,24.67,4344800,12.21
2002-12-05,25.41,25.50,24.25,24.96,4557800,12.35
2002-12-04,25.65,25.70,23.94,24.47,8977600,12.11
2002-12-03,27.26,27.38,26.00,26.25,6101800,12.99
2002-12-02,28.44,29.20,27.30,27.38,7724600,13.55
2002-11-29,28.32,29.16,27.54,27.75,4580800,13.73
2002-11-27,26.29,28.46,26.27,27.99,7198000,13.85
2002-11-26,25.97,26.31,25.56,25.80,4188200,12.77
2002-11-25,25.40,26.71,24.95,26.15,11080800,12.94
2002-11-22,26.00,27.37,25.93,26.60,10132000,13.16
2002-11-21,25.34,27.66,25.34,26.76,13738800,13.24
2002-11-20,21.89,24.88,21.89,24.83,11375600,12.29
2002-11-19,21.80,22.50,21.54,21.82,6466800,10.80
2002-11-18,21.71,22.76,21.30,21.71,6614600,10.74
2002-11-15,19.99,21.50,19.61,21.25,4398200,10.51
2002-11-14,19.92,20.43,19.62,20.19,3610600,9.99
2002-11-13,19.85,20.19,19.45,19.58,5029600,9.69
2002-11-12,19.09,20.02,18.65,19.80,3906800,9.80
2002-11-11,20.30,20.65,18.50,18.96,3660000,9.38
2002-11-08,20.26,20.95,19.77,20.36,3585200,10.07
2002-11-07,20.70,21.13,20.25,20.26,4731400,10.02
2002-11-06,20.43,21.43,20.15,21.40,5458000,10.59
2002-11-05,19.78,20.27,19.00,20.26,5249200,10.02
2002-11-04,21.54,21.80,19.70,19.76,6347000,9.78
2002-11-01,19.71,21.17,19.00,20.98,5085600,10.38
2002-10-31,19.63,20.63,19.49,19.77,6398600,9.78
2002-10-30,18.32,19.94,18.31,19.60,5105400,9.70
2002-10-29,18.61,19.19,17.75,18.35,6329000,9.08
2002-10-28,20.60,20.62,18.57,18.70,9635000,9.25
2002-10-25,20.59,21.17,20.25,20.77,6136200,10.28
2002-10-24,21.61,21.69,20.85,21.00,6529200,10.39
2002-10-23,19.75,21.43,19.60,21.41,8386000,10.59
2002-10-22,20.06,21.16,19.40,19.81,4603400,9.80
2002-10-21,19.51,20.65,19.00,20.63,7147600,10.21
2002-10-18,18.83,19.85,18.38,19.70,7195800,9.75
2002-10-17,18.00,19.56,17.99,18.93,14609600,9.37
2002-10-16,15.56,16.44,15.45,15.65,5059600,7.74
2002-10-15,14.95,17.28,14.94,16.50,9246800,8.16
2002-10-14,14.28,14.61,13.71,14.27,3315600,7.06
2002-10-11,13.55,14.65,13.55,14.30,3489200,7.08
2002-10-10,12.11,13.45,12.01,13.25,2958200,6.56
2002-10-09,12.51,12.87,12.00,12.05,2210200,5.96
2002-10-08,12.37,13.00,12.21,12.62,3094600,6.24
2002-10-07,12.30,12.74,12.11,12.28,2880800,6.08
2002-10-04,13.24,13.44,12.17,12.36,4874400,6.12
2002-10-03,13.18,13.84,13.16,13.26,4764200,6.56
2002-10-02,13.20,14.20,12.46,13.57,3926200,6.71
2002-10-01,13.12,13.37,12.55,13.25,3870200,6.56
2002-09-30,13.40,13.55,12.66,13.11,3833200,6.49
2002-09-27,14.25,14.45,13.45,13.61,3035600,6.73
2002-09-26,14.52,15.10,14.00,14.40,4039800,7.13
2002-09-25,13.98,14.95,13.87,14.38,4540000,7.12
2002-09-24,12.74,14.02,12.60,13.45,3412600,6.66
2002-09-23,13.88,14.07,13.00,13.05,3300600,6.46
2002-09-20,14.33,14.45,13.82,14.10,2520000,6.98
2002-09-19,14.10,14.65,13.72,13.74,2149600,6.80
2002-09-18,14.39,14.74,14.08,14.36,2197000,7.11
2002-09-17,15.88,15.90,14.40,14.63,5401400,7.24
2002-09-16,15.73,15.93,15.05,15.11,1604800,7.48
2002-09-13,16.09,16.58,15.42,15.73,3943400,7.78
2002-09-12,16.51,16.67,16.15,16.34,2177800,8.09
2002-09-11,17.02,17.61,16.45,16.67,2309000,8.25
2002-09-10,15.56,16.96,15.41,16.75,4636800,8.29
2002-09-09,15.26,15.65,14.70,15.47,2889200,7.65
2002-09-06,15.29,15.70,15.19,15.40,1960000,7.62
2002-09-05,15.05,15.12,14.54,14.69,1864600,7.27
2002-09-04,15.22,15.50,14.60,15.28,2261000,7.56
2002-09-03,15.65,15.79,15.02,15.22,2222800,7.53
2002-08-30,16.14,16.61,15.50,16.21,3145000,8.02
2002-08-29,15.04,16.49,14.50,16.42,5139400,8.12
2002-08-28,15.44,15.52,14.75,15.09,2683200,7.47
2002-08-27,16.46,16.65,15.50,15.60,2267800,7.72
2002-08-26,15.91,16.50,15.67,16.45,2331000,8.14
2002-08-23,17.31,17.32,15.57,15.96,4746400,7.90
2002-08-22,17.43,18.10,17.00,17.32,2742600,8.57
2002-08-21,16.64,17.50,16.51,17.40,5186200,8.61
2002-08-20,15.95,17.05,15.70,16.45,5522600,8.14
2002-08-19,14.99,15.98,14.85,15.75,4915200,7.79
2002-08-16,13.59,14.69,13.39,14.45,2949400,7.15
2002-08-15,13.21,13.99,13.04,13.71,2697600,6.78
2002-08-14,12.60,13.20,12.13,13.18,3201400,6.52
2002-08-13,12.90,13.41,12.45,12.47,4159000,6.17
2002-08-12,13.01,13.15,12.56,12.98,2406000,6.42
2002-08-09,13.41,13.41,12.90,13.11,2945400,6.49
2002-08-08,13.12,13.70,12.80,13.70,3054600,6.78
2002-08-07,13.30,13.61,12.40,13.19,2791800,6.53
2002-08-06,12.21,13.59,12.20,13.09,3439000,6.48
2002-08-05,13.08,13.40,11.71,11.89,4376200,5.88
2002-08-02,13.18,13.55,12.68,13.18,2033600,6.52
2002-08-01,14.34,14.56,13.17,13.20,2837200,6.53
2002-07-31,15.25,15.50,14.19,14.40,2616200,7.13
2002-07-30,15.20,15.70,14.70,15.60,3788600,7.72
2002-07-29,14.21,15.40,14.16,15.34,2930000,7.59
2002-07-26,13.92,14.62,13.26,13.87,2517600,6.86
2002-07-25,15.25,15.85,13.25,13.64,4409800,6.75
2002-07-24,14.00,15.50,13.50,15.49,2967000,7.66
2002-07-23,15.64,15.90,14.16,14.39,3066600,7.12
2002-07-22,15.17,16.10,14.85,15.24,3979200,7.54
2002-07-19,14.80,15.22,14.64,15.08,3907400,7.46
2002-07-18,16.27,16.44,14.56,15.01,7604000,7.43
2002-07-17,15.23,15.50,14.51,15.00,2484200,7.42
2002-07-16,15.15,15.96,14.57,14.70,3517800,7.27
2002-07-15,14.32,15.15,14.00,15.11,3380400,7.48
2002-07-12,14.76,14.90,13.96,14.40,3514800,7.13
2002-07-11,12.82,14.57,12.82,14.55,5738600,7.20
2002-07-10,13.28,13.66,12.75,13.16,3066400,6.51
2002-07-09,12.55,13.18,12.25,12.89,2462800,6.38
2002-07-08,13.10,13.68,12.52,12.66,1751800,6.26
2002-07-05,12.40,13.22,12.39,13.08,1409400,6.47
2002-07-03,11.60,12.28,11.35,12.14,2953400,6.01
2002-07-02,12.25,12.40,11.05,11.66,3778000,5.77
2002-07-01,12.47,13.30,12.00,12.43,2698400,6.15
2002-06-28,12.00,12.90,11.85,12.40,5355000,6.14
2002-06-27,11.71,12.76,11.62,12.26,3941600,6.07
2002-06-26,9.65,11.80,9.60,11.44,4577400,5.66
2002-06-25,11.11,11.50,9.99,10.00,4304200,4.95
2002-06-24,9.62,11.09,9.60,10.86,3920600,5.37
2002-06-21,10.30,10.57,9.60,9.76,2850000,4.83
2002-06-20,11.05,11.33,10.17,10.30,3590000,5.10
2002-06-19,11.99,12.28,10.86,10.94,3570400,5.41
2002-06-18,12.20,12.80,12.11,12.45,2196200,6.16
2002-06-17,11.40,12.62,11.40,12.44,2327000,6.16
2002-06-14,10.95,11.79,10.50,11.31,3206000,5.60
2002-06-13,11.81,11.95,11.20,11.24,2052400,5.56
2002-06-12,12.10,12.23,11.25,11.74,2753800,5.81
2002-06-11,12.76,13.35,12.01,12.23,1693400,6.05
2002-06-10,13.45,13.53,12.77,12.82,1071800,6.34
2002-06-07,12.19,13.35,12.07,13.20,2516400,6.53
2002-06-06,13.49,13.50,12.71,12.78,2784200,6.32
2002-06-05,13.47,13.92,13.20,13.65,1207200,6.75
2002-06-04,13.39,13.99,13.25,13.63,2967600,6.74
2002-06-03,14.15,14.25,13.50,13.50,1849200,6.68
2002-05-31,14.30,14.55,13.89,14.00,1437600,6.93
2002-05-30,14.26,14.50,13.80,14.25,1846200,7.05
2002-05-29,14.85,14.89,14.30,14.40,2087600,7.13
2002-05-28,15.00,15.40,14.50,15.04,2718200,7.44
2002-05-24,14.85,15.14,14.45,14.95,1376200,7.40
2002-05-23,14.95,15.23,14.47,15.10,1779800,7.47
2002-05-22,14.91,15.75,14.46,14.71,2802400,7.28
2002-05-21,16.70,16.94,15.00,15.35,2402800,7.60
2002-05-20,16.80,16.94,16.10,16.50,1314000,8.16
2002-05-17,17.39,17.80,16.94,17.01,2456000,8.42
2002-05-16,16.69,17.07,16.19,16.96,2188000,8.39
2002-05-15,16.50,17.63,15.89,16.72,3903600,8.27
2002-05-14,16.02,16.89,16.01,16.81,4040200,8.32
2002-05-13,13.88,15.16,13.83,15.16,2555200,7.50
2002-05-10,14.56,14.72,13.45,13.75,3679800,6.80
2002-05-09,15.27,15.55,14.40,14.51,3554800,7.18
2002-05-08,13.85,16.39,13.76,15.61,5106400,7.72
2002-05-07,14.54,14.58,12.97,13.38,4282400,6.62
2002-05-06,15.34,15.55,14.01,14.27,3325600,7.06
2002-05-03,15.64,15.65,14.60,15.41,5351800,7.62
2002-05-02,16.53,17.10,15.20,15.58,4625000,7.71
2002-05-01,16.58,17.12,16.08,16.74,3670800,8.28
2002-04-30,16.52,17.32,16.32,16.36,3552600,8.10
2002-04-29,16.22,16.92,16.15,16.29,1893000,8.06
2002-04-26,17.80,18.30,16.17,16.21,2109600,8.02
2002-04-25,17.30,18.04,16.61,17.83,2191800,8.82
2002-04-24,17.97,18.42,17.25,17.37,3185200,8.59
2002-04-23,19.42,19.69,17.75,17.85,2384800,8.83
2002-04-22,19.87,19.90,19.00,19.39,1121200,9.59
2002-04-19,20.40,20.65,19.95,20.01,2249800,9.90
2002-04-18,22.31,22.32,19.60,20.36,7503200,10.07
2002-04-17,23.20,23.40,22.15,23.06,2961600,11.41
2002-04-16,21.40,23.15,21.32,22.82,3687400,11.29
2002-04-15,20.21,21.18,20.20,21.02,2618200,10.40
2002-04-12,19.79,20.38,19.47,20.20,2696000,10.00
2002-04-11,19.56,20.43,19.06,19.50,2334000,9.65
2002-04-10,19.36,20.00,19.17,19.54,1561400,9.67
2002-04-09,19.99,20.27,19.15,19.20,1758600,9.50
2002-04-08,19.91,20.06,19.05,19.81,3463800,9.80
2002-04-05,20.49,20.50,18.55,20.37,4914200,10.08
2002-04-04,20.13,21.33,20.05,20.34,2245400,10.06
2002-04-03,21.75,22.30,19.90,20.61,3899200,10.20
2002-04-02,22.66,22.84,21.63,21.67,2468400,10.72
2002-04-01,21.65,23.11,21.27,22.98,2768000,11.37
2002-03-28,20.95,22.21,20.80,21.70,6673000,10.74
2002-03-27,20.35,20.84,20.10,20.65,2044800,10.22
2002-03-26,20.36,20.85,19.91,20.33,1372800,10.06
2002-03-25,21.21,21.50,20.22,20.28,1351000,10.03
2002-03-22,20.97,21.55,20.60,21.10,2336600,10.44
2002-03-21,20.10,20.96,19.54,20.96,1491800,10.37
2002-03-20,20.57,20.74,19.79,20.07,1266000,9.93
2002-03-19,20.55,20.86,20.11,20.82,2281600,10.30
2002-03-18,20.73,21.30,19.87,20.65,1959600,10.22
2002-03-15,20.35,20.69,19.85,20.69,1948000,10.24
2002-03-14,20.64,21.24,19.94,20.25,2537600,10.02
2002-03-13,18.80,20.98,18.64,20.55,7061400,10.17
2002-03-12,19.65,20.10,18.95,19.16,2577400,9.48
2002-03-11,20.41,20.46,19.80,20.12,3910400,9.96
2002-03-08,21.21,21.99,20.30,20.65,6601000,10.22
2002-03-07,20.51,21.75,20.25,20.91,4921600,10.35
2002-03-06,20.00,20.50,19.55,20.44,3185600,10.11
2002-03-05,19.90,20.80,19.80,20.72,10795800,10.25
2002-03-04,17.14,18.75,16.80,18.33,3545200,9.07
2002-03-01,14.71,17.50,14.60,17.17,4564000,8.50
2002-02-28,15.15,15.33,14.36,14.71,857200,7.28
2002-02-27,14.77,15.50,14.70,15.09,2436800,7.47
2002-02-26,15.06,15.18,14.50,14.77,861600,7.31
2002-02-25,14.00,15.18,13.88,15.12,1125800,7.48
2002-02-22,14.38,14.73,14.04,14.42,1320600,7.14
2002-02-21,15.30,15.35,14.42,14.50,1893200,7.17
2002-02-20,14.66,15.50,14.63,15.44,2115400,7.64
2002-02-19,15.02,15.20,14.50,14.66,1827600,7.25
2002-02-15,15.07,15.55,14.84,15.30,1929200,7.57
2002-02-14,15.66,16.00,15.01,15.02,1651200,7.43
2002-02-13,15.69,16.10,15.27,15.74,1250600,7.79
2002-02-12,15.07,16.05,14.96,15.62,3566800,7.73
2002-02-11,13.95,15.31,13.61,15.11,2842800,7.48
2002-02-08,13.95,14.12,13.29,13.99,1872600,6.92
2002-02-07,14.10,14.15,13.60,13.72,2991600,6.79
2002-02-06,14.75,14.90,14.10,14.30,897000,7.08
2002-02-05,14.45,15.10,14.18,14.63,1742600,7.24
2002-02-04,15.23,15.27,14.44,14.50,2192400,7.17
2002-02-01,15.48,15.99,15.10,15.29,3784000,7.57
2002-01-31,15.75,15.75,15.13,15.41,2696000,7.62
2002-01-30,15.40,15.84,15.02,15.65,3157000,7.74
2002-01-29,15.96,16.12,15.35,15.46,1628800,7.65
2002-01-28,15.93,16.29,15.55,15.95,1222000,7.89
2002-01-25,15.59,16.50,15.25,15.87,3588600,7.85
2002-01-24,15.59,15.97,15.18,15.82,7922400,7.83
2002-01-23,12.89,14.16,12.44,13.63,3168000,6.74
2002-01-22,14.06,14.50,12.70,12.81,1905600,6.34
2002-01-18,14.16,14.20,13.76,13.95,1396400,6.90
2002-01-17,14.28,14.66,14.00,14.48,1518000,7.16
2002-01-16,14.35,14.50,14.05,14.07,1464400,6.96
2002-01-15,14.61,14.97,14.38,14.64,1691200,7.24
2002-01-14,15.01,15.32,14.40,14.45,3331200,7.15
2002-01-11,15.09,15.99,14.95,15.00,2947200,7.42
2002-01-10,15.90,15.95,15.01,15.12,2051400,7.48
2002-01-09,15.62,16.37,15.38,15.50,3677200,7.67
2002-01-08,15.44,15.60,14.91,15.36,3532800,7.60
2002-01-07,16.41,16.63,15.20,15.56,5225200,7.70
2002-01-04,16.87,17.06,15.50,16.19,3992800,8.01
2002-01-03,15.83,16.80,15.74,16.54,4102600,8.18
2002-01-02,15.02,15.73,14.47,15.67,3211200,7.75
2001-12-31,15.00,15.09,14.40,14.40,3651200,7.13
2001-12-28,14.78,15.21,14.74,15.03,2963000,7.44
2001-12-27,13.89,14.75,13.89,14.64,8002400,7.24
2001-12-26,13.31,13.95,13.31,13.75,1749800,6.80
2001-12-24,13.45,13.69,13.32,13.49,1170400,6.67
2001-12-21,13.20,13.60,13.01,13.41,3701400,6.64
2001-12-20,14.07,14.29,12.76,12.90,4678000,6.38
2001-12-19,15.10,15.47,14.00,14.17,13072600,7.01
2001-12-18,17.05,17.52,16.32,16.72,1926400,8.27
2001-12-17,16.77,17.40,16.50,16.90,1601200,8.36
2001-12-14,16.53,17.25,16.24,16.93,1897400,8.38
2001-12-13,17.40,17.69,16.30,16.59,3418400,8.21
2001-12-12,16.29,18.29,16.28,18.21,5408400,9.01
2001-12-11,16.36,16.65,15.93,16.22,3449600,8.03
2001-12-10,15.50,16.60,15.42,15.76,3016600,7.80
2001-12-07,16.58,16.66,15.50,15.88,2923000,7.86
2001-12-06,16.55,17.71,16.41,16.58,5934000,8.20
2001-12-05,15.56,17.12,15.10,16.80,7217600,8.31
2001-12-04,13.24,15.45,12.68,15.30,5804200,7.57
2001-12-03,14.09,14.13,13.35,13.64,2509800,6.75
2001-11-30,14.71,14.80,13.88,14.19,4816000,7.02
2001-11-29,12.54,14.92,12.50,14.85,5863000,7.35
2001-11-28,13.65,13.94,12.30,12.51,4169200,6.19
2001-11-27,13.46,14.26,12.85,13.75,4751600,6.80
2001-11-26,12.77,13.60,12.75,13.47,3086800,6.67
2001-11-23,12.08,12.90,12.08,12.72,583200,6.29
2001-11-21,12.50,12.57,11.65,12.10,1862000,5.99
2001-11-20,13.37,13.50,11.96,12.28,3546600,6.08
2001-11-19,13.85,14.34,13.02,13.50,2666800,6.68
2001-11-16,13.01,13.60,12.77,13.54,1902600,6.70
2001-11-15,12.66,13.45,12.50,12.82,3243200,6.34
2001-11-14,12.95,13.87,12.50,13.15,6180600,6.51
2001-11-13,11.10,12.50,11.00,12.37,4402000,6.12
2001-11-12,10.76,10.77,10.35,10.64,1813200,5.26
2001-11-09,10.36,11.00,10.35,10.62,1406400,5.25
2001-11-08,10.59,11.75,10.46,10.77,3705200,5.33
2001-11-07,10.47,10.75,10.15,10.32,4841200,5.11
2001-11-06,10.80,10.99,10.37,10.53,3183000,5.21
2001-11-05,10.88,11.30,10.51,10.95,2317600,5.42
2001-11-02,11.15,11.30,10.20,10.64,2392000,5.26
2001-11-01,10.75,11.47,10.70,11.26,1224600,5.57
2001-10-31,10.62,11.31,10.50,10.94,1295000,5.41
2001-10-30,11.15,11.15,10.20,10.56,1684600,5.23
2001-10-29,12.43,12.67,11.08,11.08,2017600,5.48
2001-10-26,12.15,12.86,11.87,12.53,1579200,6.20
2001-10-25,11.27,12.35,11.15,12.30,1988800,6.09
2001-10-24,11.69,12.06,11.08,11.92,1907600,5.90
2001-10-23,12.02,12.17,11.31,11.65,722800,5.76
2001-10-22,11.25,11.98,11.00,11.69,855400,5.78
2001-10-19,11.40,11.45,10.79,11.28,1303000,5.58
2001-10-18,11.43,12.01,11.00,11.23,1422200,5.56
2001-10-17,12.80,13.16,11.64,11.79,4515800,5.83
2001-10-16,12.45,13.00,12.04,12.50,2324600,6.19
2001-10-15,12.98,13.05,12.36,12.45,1002000,6.16
2001-10-12,13.60,13.60,12.12,13.30,1868400,6.58
2001-10-11,12.70,13.69,12.36,13.57,2536600,6.71
2001-10-10,11.88,12.47,11.23,12.10,2956000,5.99
2001-10-09,12.06,12.70,11.61,11.87,1434200,5.87
2001-10-08,11.01,12.75,10.95,12.04,1791200,5.96
2001-10-05,11.32,11.68,10.59,11.36,1171000,5.62
2001-10-04,11.50,12.60,11.00,11.07,2547600,5.48
2001-10-03,9.33,11.63,9.16,11.32,3198400,5.60
2001-10-02,9.15,10.15,9.15,9.42,2058800,4.66
2001-10-01,9.85,9.95,9.05,9.18,2511400,4.54
2001-09-28,9.28,10.14,8.80,9.86,3674200,4.88
2001-09-27,9.97,10.12,8.61,9.01,2008800,4.46
2001-09-26,11.45,11.72,9.60,9.73,4100800,4.81
2001-09-25,11.79,11.96,11.16,11.45,1217600,5.67
2001-09-24,10.75,11.85,10.55,11.80,2501600,5.84
2001-09-21,9.58,11.00,9.00,10.82,5355400,5.35
2001-09-20,12.45,12.75,11.77,11.99,3965000,5.93
2001-09-19,14.05,14.14,12.65,13.42,4094600,6.64
2001-09-18,14.28,14.91,13.95,14.15,4491200,7.00
2001-09-17,14.10,15.10,13.40,14.25,2930600,7.05
2001-09-10,16.32,16.65,15.27,15.66,3848800,7.75
2001-09-07,17.61,17.80,15.95,16.53,4743800,8.18
2001-09-06,18.49,19.10,17.50,17.87,2134000,8.84
2001-09-05,19.07,19.44,18.07,18.58,1833400,9.19
2001-09-04,20.00,20.10,19.10,19.11,2466800,9.46
2001-08-31,19.67,20.51,19.55,20.51,856800,10.15
2001-08-30,20.38,20.75,19.56,20.02,1157200,9.91
2001-08-29,21.20,21.40,20.24,20.55,985400,10.17
2001-08-28,21.62,22.05,21.03,21.15,866800,10.47
2001-08-27,21.87,22.42,20.75,21.68,1404200,10.73
2001-08-24,20.81,22.24,20.81,21.72,1274400,10.75
2001-08-23,21.40,22.05,20.65,20.70,1347200,10.24
2001-08-22,22.35,22.80,20.60,21.26,2958800,10.52
2001-08-21,22.28,23.06,21.98,22.20,1170800,10.98
2001-08-20,21.63,22.60,21.50,22.44,775800,11.10
2001-08-17,22.66,23.03,21.50,21.98,1477800,10.88
2001-08-16,22.30,22.87,21.60,22.87,901600,11.32
2001-08-15,23.50,23.70,22.50,22.70,669400,11.23
2001-08-14,24.37,24.75,23.48,23.74,472400,11.75
2001-08-13,23.60,24.45,23.40,24.35,377800,12.05
2001-08-10,23.45,24.05,22.56,23.49,589600,11.62
2001-08-09,23.00,23.70,22.91,23.38,457600,11.57
2001-08-08,24.31,24.98,22.91,23.00,682000,11.38
2001-08-07,24.46,25.00,24.26,24.30,707200,12.02
2001-08-06,24.84,25.00,24.08,24.45,656400,12.10
2001-08-03,24.79,25.42,24.70,25.42,823200,12.58
2001-08-02,24.75,25.50,24.45,25.10,924200,12.42
2001-08-01,23.94,25.00,23.75,24.46,2827800,12.10
2001-07-31,23.98,24.46,23.49,23.64,1640000,11.70
2001-07-30,23.30,24.20,23.30,23.97,2023600,11.86
2001-07-27,23.25,24.11,23.20,23.74,970800,11.75
2001-07-26,21.51,23.42,21.51,23.23,1494400,11.49
2001-07-25,22.48,23.50,21.36,21.74,2422800,10.76
2001-07-24,23.80,24.35,22.22,22.46,2471600,11.11
2001-07-23,24.67,24.75,23.97,24.07,956600,11.91
2001-07-20,24.32,25.15,23.55,24.63,1833200,12.19
2001-07-19,23.21,26.60,23.20,24.54,4640200,12.14
2001-07-18,25.68,25.69,23.66,24.15,5269600,11.95
2001-07-17,24.80,26.20,24.10,26.01,1483600,12.87
2001-07-16,25.82,25.90,24.99,25.03,1850200,12.38
2001-07-13,24.88,26.25,24.88,26.01,2138600,12.87
2001-07-12,24.06,25.71,24.06,25.50,2067400,12.62
2001-07-11,23.30,24.57,23.00,23.04,2530200,11.40
2001-07-10,24.15,24.19,23.00,23.35,2220400,11.55
2001-07-09,24.28,24.80,23.50,24.03,1639800,11.89
2001-07-06,24.99,25.45,24.26,24.26,1535000,12.00
2001-07-05,27.10,27.11,25.69,26.01,913200,12.87
2001-07-03,26.97,27.49,26.32,27.26,446600,13.49
2001-07-02,27.00,27.94,26.92,27.31,1224200,13.51
2001-06-29,25.85,27.90,25.52,27.89,2225800,13.80
2001-06-28,24.60,26.90,24.60,25.76,1245400,12.75
2001-06-27,24.28,25.49,24.18,24.61,1131400,12.18
2001-06-26,23.27,24.70,23.05,24.11,1618000,11.93
2001-06-25,22.94,23.63,22.70,23.42,1697600,11.59
2001-06-22,22.30,24.08,22.00,22.84,1842000,11.30
2001-06-21,21.99,24.50,21.66,22.25,3380800,11.01
2001-06-20,21.51,22.45,21.01,21.89,1754400,10.83
2001-06-19,23.00,23.83,21.51,22.09,1206600,10.93
2001-06-18,23.37,23.49,22.00,22.40,1014000,11.08
2001-06-15,23.89,24.00,22.82,23.45,3275800,11.60
2001-06-14,25.20,25.26,24.00,24.17,3065800,11.96
2001-06-13,26.34,27.49,25.25,25.39,1232600,12.56
2001-06-12,25.00,26.70,24.75,26.24,1475000,12.98
2001-06-11,26.63,26.81,25.01,25.81,1854400,12.77
2001-06-08,27.14,28.28,26.60,26.69,1934200,13.21
2001-06-07,23.74,28.39,23.41,27.99,6181000,13.85
2001-06-06,24.36,25.00,23.65,23.95,957400,11.85
2001-06-05,23.13,25.00,23.10,24.10,1641800,11.92
2001-06-04,23.93,24.05,23.00,23.27,1074600,11.51
2001-06-01,23.50,24.18,22.40,24.11,2622000,11.93
2001-05-31,22.49,23.96,22.04,23.45,2417200,11.60
2001-05-30,23.00,23.58,21.46,22.37,2476800,11.07
2001-05-29,26.45,26.50,23.79,23.79,2835600,11.77
2001-05-25,26.74,27.68,26.50,26.77,2015400,13.25
2001-05-24,28.13,28.65,26.47,26.66,2071600,13.19
2001-05-23,29.10,29.45,28.00,28.05,1302000,13.88
2001-05-22,29.32,30.00,29.01,29.64,2323400,14.67
2001-05-21,26.47,29.10,26.45,28.86,2285600,14.28
2001-05-18,26.63,27.25,26.15,26.89,716200,13.31
2001-05-17,26.77,27.00,26.18,26.79,1180800,13.26
2001-05-16,25.25,26.78,25.00,26.58,919400,13.15
2001-05-15,25.77,26.50,25.26,25.92,1179400,12.83
2001-05-14,26.70,27.00,25.25,25.79,1313800,12.76
2001-05-11,27.00,27.86,26.54,26.96,1708600,13.34
2001-05-10,28.26,28.48,27.15,27.21,1261200,13.46
2001-05-09,27.86,27.89,26.99,27.55,2435800,13.63
2001-05-08,28.80,28.90,27.99,28.65,2195400,14.18
2001-05-07,28.75,29.05,28.33,28.44,4229400,14.07
2001-05-04,27.00,29.29,26.95,29.12,5251400,14.41
2001-05-03,27.85,28.35,27.40,27.60,2104800,13.66
2001-05-02,29.00,29.35,28.17,29.00,4263000,14.35
2001-05-01,27.08,28.10,26.00,28.07,1632800,13.89
2001-04-30,26.29,27.69,26.26,26.86,2773000,13.29
2001-04-27,26.57,26.87,25.15,26.00,1725600,12.86
2001-04-26,25.93,26.66,25.50,25.92,1828000,12.83
2001-04-25,24.30,25.98,24.00,25.44,1423600,12.59
2001-04-24,25.62,26.59,24.15,24.70,1586000,12.22
2001-04-23,25.20,26.35,24.80,25.93,1632800,12.83
2001-04-20,25.74,27.11,25.50,26.59,3346400,13.16
2001-04-19,23.95,27.63,23.25,26.95,6957000,13.34
2001-04-18,24.47,27.75,24.38,26.79,7000600,13.26
2001-04-17,22.72,23.97,22.20,22.99,3024400,11.38
2001-04-16,24.29,24.30,22.57,24.06,2711400,11.91
2001-04-12,23.00,25.50,22.80,24.87,3758600,12.31
2001-04-11,23.02,24.50,22.39,23.67,4781000,11.71
2001-04-10,19.84,21.97,19.80,21.55,3190600,10.66
2001-04-09,20.02,20.10,18.40,19.31,2080400,9.55
2001-04-06,20.00,20.25,19.00,19.75,1948200,9.77
2001-04-05,19.06,21.19,19.00,20.37,4047600,10.08
2001-04-04,18.87,18.87,17.25,17.44,3834400,8.63
2001-04-03,19.87,19.94,18.00,18.37,3955400,9.09
2001-04-02,21.56,22.25,19.50,19.81,2914400,9.80
2001-03-30,20.31,20.75,19.44,20.37,1571600,10.08
2001-03-29,21.00,21.00,19.50,20.37,2555400,10.08
2001-03-28,21.69,21.94,20.25,21.00,2992600,10.39
2001-03-27,22.69,24.00,22.56,23.62,1387400,11.69
2001-03-26,24.00,24.00,22.50,22.69,2247200,11.23
2001-03-23,23.50,24.00,22.94,23.44,3149600,11.60
2001-03-22,20.94,22.50,20.87,22.44,3449000,11.10
2001-03-21,20.12,22.25,20.00,20.87,3431000,10.33
2001-03-20,21.75,22.06,20.00,20.25,3128200,10.02
2001-03-19,19.87,21.41,18.75,21.00,2881000,10.39
2001-03-16,19.62,20.37,18.62,19.62,3618800,9.71
2001-03-15,20.50,21.12,19.69,19.87,10462200,9.83
2001-03-14,20.50,22.19,20.25,20.87,2786200,10.33
2001-03-13,20.86,21.56,20.44,21.56,2848400,10.67
2001-03-12,20.59,21.12,19.75,20.62,3305000,10.20
2001-03-09,21.50,21.87,20.62,21.25,2000400,10.51
2001-03-08,24.17,24.31,22.31,22.69,2606000,11.23
2001-03-07,25.50,25.75,24.00,24.37,1690600,12.06
2001-03-06,24.37,25.12,24.00,24.75,4306200,12.25
2001-03-05,22.94,23.75,22.12,23.50,2950400,11.63
2001-03-02,21.25,23.37,21.00,22.00,3246800,10.89
2001-03-01,20.75,22.37,19.50,22.36,5499000,11.06
2001-02-28,22.62,22.87,21.06,21.62,3856600,10.70
2001-02-27,23.81,23.94,22.37,23.12,2391000,11.44
2001-02-26,24.81,24.81,23.12,23.94,2571600,11.85
2001-02-23,22.75,24.19,21.19,23.87,6849600,11.81
2001-02-22,23.00,24.37,21.12,23.12,5408200,11.44
2001-02-21,24.50,24.62,22.62,23.06,4146600,11.41
2001-02-20,26.44,26.50,24.69,24.75,3624600,12.25
2001-02-16,26.06,26.37,25.25,25.62,2621800,12.68
2001-02-15,26.81,28.75,26.62,27.50,5703200,13.61
2001-02-14,24.75,26.06,24.50,25.87,4447200,12.80
2001-02-13,25.12,26.75,24.56,24.81,4606200,12.28
2001-02-12,25.37,26.11,24.75,24.81,5649600,12.28
2001-02-09,27.62,27.62,25.06,25.19,5732200,12.46
2001-02-08,28.44,29.31,27.50,27.50,1967800,13.61
2001-02-07,28.62,28.87,27.50,28.31,4561000,14.01
2001-02-06,28.19,30.12,27.87,29.19,4165600,14.44
2001-02-05,29.14,29.37,28.00,28.00,2811800,13.85
2001-02-02,30.56,30.94,29.50,29.56,3152600,14.63
2001-02-01,32.25,32.63,30.25,31.00,2510600,15.34
2001-01-31,32.19,32.50,31.75,31.94,5314600,15.80
2001-01-30,32.19,32.56,31.62,31.75,3785400,15.71
2001-01-29,32.75,33.00,31.87,32.06,4609000,15.86
2001-01-26,31.00,33.44,30.56,32.81,11666200,16.23
2001-01-25,33.56,34.00,30.56,31.12,42116000,15.40
2001-01-24,45.75,48.69,44.88,46.19,8525000,22.86
2001-01-23,41.31,45.13,40.38,44.88,3581000,22.21
2001-01-22,41.50,43.00,39.88,41.25,3116000,20.41
2001-01-19,43.13,44.50,41.88,42.00,6361600,20.78
2001-01-18,41.00,41.25,39.75,41.13,4108800,20.35
2001-01-17,40.00,40.75,39.13,40.06,5320400,19.82
2001-01-16,37.50,37.75,36.00,37.31,3692200,18.46
2001-01-12,36.84,37.94,33.81,35.31,6568800,17.47
2001-01-11,32.88,36.50,32.25,35.56,7608800,17.60
2001-01-10,29.41,33.19,29.00,32.81,6058400,16.23
2001-01-09,28.00,29.75,27.50,28.50,3261200,14.10
2001-01-08,29.75,29.87,26.28,27.44,4445400,13.58
2001-01-05,32.25,32.75,28.00,28.81,3891800,14.26
2001-01-04,30.56,33.63,30.50,31.00,5943400,15.34
2001-01-03,25.12,31.25,24.50,30.44,10125600,15.06
2001-01-02,29.25,29.62,25.50,25.75,4590600,12.74
2000-12-29,28.44,29.87,27.50,27.75,5920000,13.73
2000-12-28,30.00,30.50,28.62,29.06,6342600,14.38
2000-12-27,30.69,32.25,29.62,30.50,4740400,15.09
2000-12-26,32.56,33.38,29.50,30.81,3928400,15.24
2000-12-22,34.88,35.06,29.75,32.06,6836200,15.86
2000-12-21,39.44,39.88,27.56,34.38,27916200,17.01
2000-12-20,47.88,48.50,43.63,44.56,7063200,22.05
2000-12-19,50.00,55.38,47.63,51.00,6733200,25.24
2000-12-18,53.00,53.75,47.31,49.75,4667600,24.62
2000-12-15,53.50,53.88,49.00,50.70,5868400,25.09
2000-12-14,58.56,60.63,53.88,54.06,6849400,26.75
2000-12-13,65.31,65.37,58.50,59.88,6749600,29.63
2000-12-12,66.75,67.00,60.63,63.19,12356800,31.27
2000-12-11,54.69,70.00,52.63,68.00,24483800,33.65
2000-12-08,48.56,52.50,46.69,52.31,6389000,25.88
2000-12-07,42.06,47.25,40.50,44.00,2706000,21.77
2000-12-06,45.06,48.75,43.38,44.27,6367600,21.91
2000-12-05,43.50,45.38,42.13,44.25,6713200,21.90
2000-12-04,39.19,43.00,37.88,41.50,4160600,20.53
2000-12-01,40.88,42.25,35.88,37.75,7280600,18.68
2000-11-30,36.88,41.06,36.25,39.81,5745600,19.70
2000-11-29,43.06,43.56,37.63,41.00,4026200,20.29
2000-11-28,46.69,47.38,42.00,42.81,2833800,21.18
2000-11-27,50.88,52.50,45.06,46.44,3310000,22.98
2000-11-24,45.94,49.38,43.81,48.75,2086200,24.12
2000-11-22,47.69,51.00,43.00,43.75,6623800,21.65
2000-11-21,53.81,54.25,48.19,49.44,3446800,24.46
2000-11-20,53.88,56.38,51.19,53.13,2972800,26.29
2000-11-17,56.63,58.38,53.88,55.75,2191000,27.59
2000-11-16,57.13,59.75,56.25,56.44,1961000,27.93
2000-11-15,56.63,60.38,56.38,58.81,3381800,29.10
2000-11-14,56.25,59.00,53.00,56.56,4004600,27.99
2000-11-13,49.63,55.23,48.19,53.13,3650400,26.29
2000-11-10,55.19,55.88,52.44,52.44,3173800,25.95
2000-11-09,59.75,61.75,53.75,57.75,6852200,28.58
2000-11-08,64.81,65.00,60.06,61.94,2712200,30.65
2000-11-07,56.81,64.62,55.25,64.12,5853400,31.73
2000-11-06,61.56,62.88,55.69,57.00,3502800,28.20
2000-11-03,58.94,61.75,57.25,59.38,3410600,29.38
2000-11-02,54.31,57.88,54.31,57.38,2885000,28.39
2000-11-01,53.13,54.38,51.70,53.13,2308800,26.29
2000-10-31,50.59,55.63,50.00,53.73,4301200,26.59
2000-10-30,50.75,51.31,47.38,49.19,4450600,24.34
2000-10-27,56.50,56.88,50.88,52.13,4191200,25.79
2000-10-26,51.63,55.50,49.38,55.19,5363200,27.31
2000-10-25,56.61,57.19,49.75,50.19,5901200,24.83
2000-10-24,60.13,61.19,55.63,58.06,5762800,28.73
2000-10-23,61.94,64.50,60.88,61.75,3288400,30.55
2000-10-20,61.00,64.00,60.50,62.00,5161200,30.68
2000-10-19,65.00,65.02,59.25,63.00,6982800,31.17
2000-10-18,57.63,63.00,53.38,56.25,5306600,27.83
2000-10-17,63.88,65.69,59.00,61.25,2640400,30.31
2000-10-16,62.25,64.87,60.13,63.50,5150400,31.42
2000-10-13,55.38,62.75,54.88,60.44,4085000,29.91
2000-10-12,63.75,63.75,55.94,56.19,4032600,27.80
2000-10-11,54.75,61.75,53.00,58.50,6030000,28.95
2000-10-10,61.63,64.19,56.38,56.56,5577600,27.99
2000-10-09,64.75,65.87,60.19,62.63,4086000,30.99
2000-10-06,70.56,71.44,62.50,65.06,5337200,32.19
2000-10-05,70.94,72.94,69.87,70.81,2055400,35.04
2000-10-04,67.56,72.50,65.50,71.37,3981200,35.31
2000-10-03,72.87,74.50,67.25,68.00,4503200,33.65
2000-10-02,68.12,74.75,68.12,70.25,7183400,34.76
2000-09-29,65.00,69.87,64.06,66.75,5926000,33.03
2000-09-28,65.06,69.50,65.00,66.06,4500600,32.69
2000-09-27,73.56,75.00,65.00,66.06,6982800,32.69
2000-09-26,74.50,75.75,72.25,72.44,3283200,35.84
2000-09-25,74.81,76.62,72.50,72.62,3517600,35.93
2000-09-22,71.81,74.75,71.81,73.50,4052200,36.37
2000-09-21,76.50,80.25,76.25,77.20,1951000,38.20
2000-09-20,79.62,81.12,77.00,78.94,2683200,39.06
2000-09-19,80.00,82.00,77.12,78.75,4986600,38.97
2000-09-18,80.12,82.75,77.37,78.50,2990000,38.84
2000-09-15,82.87,83.94,79.50,79.87,3179600,39.52
2000-09-14,83.06,86.50,81.87,82.75,5242800,40.95
2000-09-13,76.81,81.00,76.25,80.06,2833800,39.61
2000-09-12,77.94,82.00,77.19,77.62,3567800,38.41
2000-09-11,80.31,82.37,77.00,77.31,4567600,38.25
2000-09-08,84.12,84.69,80.06,81.31,4278200,40.23
2000-09-07,84.56,88.37,82.12,86.50,5146800,42.80
2000-09-06,89.87,89.94,82.00,82.12,7160600,40.63
2000-09-05,90.19,94.50,88.50,90.06,6831000,44.56
2000-09-01,85.44,89.25,84.00,88.50,4377800,43.79
2000-08-31,82.44,85.00,82.12,83.50,3143800,41.32
2000-08-30,83.50,86.50,81.00,81.62,2468800,40.39
2000-08-29,86.50,87.00,82.25,83.75,5229400,41.44
2000-08-28,82.00,87.17,80.87,84.06,6936200,41.59
2000-08-25,81.91,84.25,79.37,80.75,4880000,39.96
2000-08-24,85.06,88.87,81.62,81.75,10663400,40.45
2000-08-23,72.62,83.00,72.50,82.81,9389600,40.97
2000-08-22,73.94,75.75,72.37,72.87,6582600,36.06
2000-08-21,72.00,74.25,71.50,72.69,6522200,35.97
2000-08-18,67.87,71.50,66.87,69.50,7604000,34.39
2000-08-17,64.25,66.50,63.88,66.00,3802800,32.66
2000-08-16,64.69,66.25,63.50,63.88,3823400,31.61
2000-08-15,62.00,64.87,61.50,63.13,3247800,31.24
2000-08-14,58.13,62.06,57.63,61.88,2809400,30.62
2000-08-11,58.38,59.38,56.06,57.44,1540000,28.42
2000-08-10,58.44,59.13,56.00,58.19,2565600,28.79
2000-08-09,59.25,60.25,57.13,57.56,4241000,28.48
2000-08-08,61.25,62.38,56.75,57.38,3206200,28.39
2000-08-07,60.00,61.88,58.25,61.38,2169600,30.37
2000-08-04,59.69,61.44,57.88,58.56,4240000,28.98
2000-08-03,55.56,58.75,54.00,58.13,6281000,28.76
2000-08-02,60.63,65.00,58.44,61.50,5403400,30.43
2000-08-01,63.19,64.00,60.50,61.06,2410400,30.21
2000-07-31,63.31,64.69,59.63,63.75,4066000,31.54
2000-07-28,67.06,68.00,61.06,61.56,5636600,30.46
2000-07-27,67.50,69.00,64.87,68.69,10622200,33.99
2000-07-26,70.25,70.75,67.00,68.75,5142600,34.02
2000-07-25,72.87,73.12,70.25,70.94,7381600,35.10
2000-07-24,69.87,72.25,68.81,69.94,5281000,34.61
2000-07-21,70.75,71.37,66.87,68.81,5746800,34.05
2000-07-20,70.00,73.25,66.12,71.25,16903400,35.25
2000-07-19,67.81,67.87,59.81,60.00,8610600,29.69
2000-07-18,75.12,75.56,66.37,66.62,6106600,32.96
2000-07-17,74.25,76.00,71.37,73.81,4479400,36.52
2000-07-14,69.87,74.06,69.81,71.75,4943800,35.50
2000-07-13,66.75,70.56,66.37,68.50,4406800,33.89
2000-07-12,61.25,65.31,61.00,64.44,3266800,31.89
2000-07-11,62.00,64.00,59.00,60.00,3153400,29.69
2000-07-10,61.50,63.94,61.13,62.13,3848200,30.74
2000-07-07,58.13,62.75,57.50,61.31,5264000,30.34
2000-07-06,53.44,57.63,51.13,57.00,4424000,28.20
2000-07-05,57.13,57.13,51.75,53.38,5659400,26.41
2000-07-03,60.06,61.50,58.19,58.50,2454000,28.95
2000-06-30,58.69,62.19,55.56,61.19,9641000,30.28
2000-06-29,58.06,59.00,55.44,57.00,6916200,28.20
2000-06-28,62.25,62.75,55.38,57.00,10313400,28.20
2000-06-27,67.50,68.62,61.00,61.50,5444400,30.43
2000-06-26,66.62,68.00,63.13,66.19,3836800,32.75
2000-06-23,70.37,70.75,65.00,65.62,4028200,32.47
2000-06-22,74.37,74.56,67.12,69.69,4906200,34.48
2000-06-21,72.37,77.37,71.75,72.87,5042200,36.06
2000-06-20,71.94,75.50,70.37,74.50,7528800,36.86
2000-06-19,63.56,68.50,62.19,68.00,4300000,33.65
2000-06-16,65.37,65.50,62.50,63.81,2284000,31.57
2000-06-15,67.87,67.87,63.00,65.37,3301800,32.35
2000-06-14,71.50,72.50,67.50,67.70,3306800,33.50
2000-06-13,68.50,70.56,64.62,70.19,3803800,34.73
2000-06-12,75.75,76.00,67.00,68.94,6999400,34.11
2000-06-09,72.20,73.62,69.25,73.50,4539400,36.37
2000-06-08,66.94,70.19,66.12,67.75,5788200,33.52
2000-06-07,65.37,67.00,61.25,64.06,4657200,31.70
2000-06-06,68.50,71.75,66.00,66.44,4002600,32.87
2000-06-05,71.56,73.50,65.25,68.37,6858200,33.83
2000-06-02,75.50,79.75,71.00,72.94,9961000,36.09
2000-06-01,62.00,68.50,59.75,66.75,6469000,33.03
2000-05-31,53.81,60.00,53.69,58.13,4807800,28.76
2000-05-30,52.50,55.50,51.63,55.13,6058400,27.28
2000-05-26,45.88,49.44,45.81,49.25,5559600,24.37
2000-05-25,55.19,55.25,44.50,45.63,6980600,22.58
2000-05-24,48.50,53.00,41.25,52.94,9027800,26.20
2000-05-23,51.56,55.63,48.50,48.75,9441000,24.12
2000-05-22,56.63,56.63,48.88,51.63,7909000,25.55
2000-05-19,64.12,64.25,56.31,57.63,4642800,28.52
2000-05-18,65.94,66.87,64.87,65.75,1776200,32.53
2000-05-17,67.37,69.00,65.06,65.50,2803400,32.41
2000-05-16,70.00,71.00,66.00,69.00,3816000,34.14
2000-05-15,67.50,68.50,62.00,67.81,2582600,33.55
2000-05-12,73.50,73.62,67.25,67.44,3464400,33.37
2000-05-11,68.50,71.00,65.75,70.06,4042800,34.67
2000-05-10,72.87,72.94,64.50,65.50,5617800,32.41
2000-05-09,85.37,85.50,72.37,73.25,5450600,36.24
2000-05-08,88.62,88.75,82.25,82.94,1708200,41.04
2000-05-05,89.87,91.25,87.50,89.37,3631200,44.22
2000-05-04,92.94,93.00,87.58,90.50,1425600,44.78
2000-05-03,90.00,91.75,85.75,90.69,2514600,44.87
2000-05-02,96.50,98.50,91.00,91.06,2292800,45.06
2000-05-01,96.50,98.31,93.12,95.81,2302800,47.41
2000-04-28,90.44,93.75,89.87,91.62,2287400,45.33
2000-04-27,84.50,90.00,83.50,87.75,2763400,43.42
2000-04-26,93.25,95.00,87.50,90.00,1987400,44.53
2000-04-25,93.00,95.00,90.00,93.62,3245600,46.32
2000-04-24,90.00,91.75,83.12,89.12,2769400,44.10
2000-04-20,108.50,109.75,93.62,97.62,4668200,48.30
2000-04-19,101.12,111.62,97.06,105.50,4549600,52.20
2000-04-18,92.69,101.50,87.00,100.00,4409000,49.48
2000-04-17,76.75,91.12,70.31,90.81,4947200,44.93
2000-04-14,91.00,97.75,82.62,84.00,3487800,41.56
2000-04-13,89.87,101.94,88.25,99.00,3457200,48.99
2000-04-12,100.50,103.00,87.00,87.69,4047800,43.39
2000-04-11,102.00,108.69,92.87,98.31,3497200,48.64
2000-04-10,120.00,120.00,101.00,103.31,2686600,51.12
2000-04-07,113.00,118.00,109.50,116.00,2526200,57.40
2000-04-06,109.87,111.00,103.00,107.00,3804400,52.94
2000-04-05,87.50,109.50,82.00,101.00,4318800,49.98
2000-04-04,107.48,109.69,70.00,99.00,7826800,48.99
2000-04-03,126.50,126.50,98.75,105.00,3486000,51.95
2000-03-31,119.00,123.44,113.00,122.50,3548800,60.61
2000-03-30,111.00,122.00,107.75,108.06,3040400,53.47
2000-03-29,133.50,134.56,111.87,117.94,4526800,58.36
2000-03-28,143.88,144.00,131.00,131.63,3043200,65.13
2000-03-27,135.00,146.00,133.38,145.06,2747800,71.78
2000-03-24,127.87,137.88,127.87,132.56,2429400,65.59
2000-03-23,128.94,133.63,125.06,127.87,1946000,63.27
2000-03-22,133.75,135.50,126.12,129.31,2609000,63.98
2000-03-21,116.87,130.13,105.37,130.00,6141200,64.32
2000-03-20,121.77,128.00,114.12,117.00,3645400,57.89
2000-03-17,116.00,123.19,112.50,117.00,4103200,57.89
2000-03-16,122.12,140.06,112.50,114.69,7187600,56.75
2000-03-15,141.73,142.00,116.00,116.06,4742800,57.43
2000-03-14,143.88,147.00,133.00,139.50,6508200,69.03
2000-03-13,119.12,136.50,107.56,125.00,5309600,61.85
2000-03-10,146.00,146.75,121.31,125.81,5569600,62.25
2000-03-09,168.00,169.63,146.00,151.88,5395400,75.15
2000-03-08,142.75,162.63,137.25,162.00,3521200,80.16
2000-03-07,127.94,148.00,127.87,136.56,3905000,67.57
2000-03-06,110.00,129.22,108.75,125.25,2546200,61.97
2000-03-03,112.00,112.62,100.25,107.69,2771200,53.29
2000-03-02,101.12,111.62,100.75,104.87,2837800,51.89
2000-03-01,89.62,101.25,89.62,98.37,3822200,48.67
2000-02-29,86.37,90.75,85.94,89.00,3459000,44.04
2000-02-28,91.75,92.50,84.62,85.69,2954400,42.40
2000-02-25,82.50,89.75,81.50,89.25,4636800,44.16
2000-02-24,76.87,82.00,76.50,79.62,4066000,39.40
2000-02-23,73.37,77.00,73.00,73.50,3627200,36.37
2000-02-22,149.00,149.50,141.88,145.75,3666400,36.06
2000-02-18,155.00,155.50,142.00,145.63,2612400,36.03
2000-02-17,150.50,159.50,150.50,154.25,4407600,38.16
2000-02-16,152.00,155.00,145.25,149.50,1960000,36.99
2000-02-15,152.88,154.31,143.63,151.00,1484400,37.36
2000-02-14,152.00,155.25,149.00,152.44,3660000,37.71
2000-02-11,149.50,153.13,145.63,149.06,2255200,36.88
2000-02-10,146.00,149.38,145.25,148.13,2883600,36.65
2000-02-09,147.00,151.00,142.00,142.14,5734400,35.17
2000-02-08,148.38,156.00,140.00,143.08,3618800,35.40
2000-02-07,145.25,149.00,143.25,145.13,2747600,35.91
2000-02-04,136.75,149.50,136.63,142.00,6735200,35.13
2000-02-03,137.13,138.06,127.00,135.06,6083600,33.41
2000-02-02,134.69,136.88,127.75,134.92,2354400,33.38
2000-02-01,133.81,137.75,123.00,135.09,4113200,33.42
2000-01-31,121.75,136.50,113.25,133.88,6554400,33.12
2000-01-28,132.50,138.75,115.00,117.94,5648000,29.18
2000-01-27,112.25,144.75,110.00,140.38,16532000,34.73
2000-01-26,102.00,104.00,96.41,96.75,1841200,23.94
2000-01-25,100.87,102.86,93.87,102.56,2145600,25.37
2000-01-24,106.86,108.50,100.00,100.94,2779200,24.97
2000-01-21,110.00,110.75,102.50,105.50,2203200,26.10
2000-01-20,99.75,107.00,95.44,106.00,3030800,26.22
2000-01-19,98.25,98.87,93.19,97.50,2552000,24.12
2000-01-18,89.12,98.06,88.87,95.50,2848000,23.63
2000-01-14,88.00,89.00,86.75,88.37,1247600,21.86
2000-01-13,85.50,87.25,84.00,85.62,1132400,21.18
2000-01-12,85.50,87.00,80.75,82.12,1448800,20.32
2000-01-11,87.00,87.87,82.31,84.87,2133200,21.00
2000-01-10,84.00,89.75,82.75,86.25,2880800,21.34
2000-01-07,81.00,84.00,79.00,82.06,4406400,20.30
2000-01-06,84.00,85.87,78.50,78.62,2340000,19.45
2000-01-05,88.00,88.81,74.94,85.56,7583200,21.17
2000-01-04,92.50,94.31,89.37,89.62,2655600,22.17
2000-01-03,98.00,100.00,88.25,95.37,2647600,23.59
1999-12-31,94.66,97.00,91.56,96.25,780800,23.81
1999-12-30,96.25,99.50,94.87,95.50,956800,23.63
1999-12-29,100.00,100.62,93.37,95.00,1817600,23.50
1999-12-28,90.12,100.00,89.94,99.12,3122400,24.52
1999-12-27,88.12,89.87,87.50,88.87,2300000,21.99
1999-12-23,83.00,90.62,82.00,87.25,2858800,21.59
1999-12-22,79.50,82.87,77.44,82.44,2055600,20.40
1999-12-21,74.06,79.67,73.25,78.12,3297600,19.33
1999-12-20,71.37,73.03,70.00,71.12,1936800,17.60
1999-12-17,75.50,76.50,69.62,69.75,1882400,17.26
1999-12-16,72.25,78.12,71.00,73.19,4484400,18.11
1999-12-15,71.56,71.56,65.56,67.94,4777600,16.81
1999-12-14,78.50,79.62,70.50,71.62,2586800,17.72
1999-12-13,79.87,81.12,77.50,79.75,2880800,19.73
1999-12-10,76.25,84.69,76.00,81.87,6252400,20.25
1999-12-09,76.62,76.75,73.87,74.62,2143200,18.46
1999-12-08,73.75,78.75,72.81,76.44,3909200,18.91
1999-12-07,68.25,75.25,68.12,72.25,4763200,17.87
1999-12-06,64.87,67.25,62.38,66.19,1640800,16.38
1999-12-03,66.06,67.98,63.00,64.25,2196400,15.90
1999-12-02,64.56,66.25,62.63,64.62,2055600,15.99
1999-12-01,66.00,69.50,62.50,65.00,2413200,16.08
1999-11-30,63.63,67.75,62.88,66.06,2820000,16.34
1999-11-29,70.00,70.50,62.50,62.50,1972400,15.46
1999-11-26,70.75,71.37,66.75,68.75,881200,17.01
1999-11-24,62.88,72.00,60.75,69.37,3372400,17.16
1999-11-23,67.62,68.00,60.00,62.38,5686400,15.43
1999-11-22,71.62,72.00,65.37,67.06,3906400,16.59
1999-11-19,72.00,73.75,70.75,71.37,1738000,17.66
1999-11-18,76.44,76.75,71.25,71.37,2485600,17.66
1999-11-17,78.00,79.25,76.00,76.00,4128800,18.80
1999-11-16,77.87,80.00,74.12,78.00,2130000,19.30
1999-11-15,78.00,80.12,75.87,79.94,2246800,19.78
1999-11-12,76.06,79.75,70.00,79.25,5235200,19.61
1999-11-11,79.75,80.00,76.00,76.00,4502000,18.80
1999-11-10,74.75,81.25,74.06,78.81,6740000,19.50
1999-11-09,71.87,77.06,70.50,76.00,10604400,18.80
1999-11-08,68.00,70.31,67.37,68.94,5482000,17.06
1999-11-05,72.00,74.00,68.19,69.87,9446400,17.29
1999-11-04,71.06,73.00,67.87,71.00,14125200,17.57
1999-11-03,60.66,70.12,60.13,69.25,7495600,17.13
1999-11-02,62.13,62.13,59.25,60.00,3091200,14.84
1999-11-01,58.53,64.12,57.75,61.25,5723200,15.15
1999-10-29,51.75,61.13,51.44,60.63,5128000,15.00
1999-10-28,51.22,51.50,50.00,51.38,1601200,12.71
1999-10-27,51.38,51.88,49.50,50.81,2179200,12.57
1999-10-26,52.38,52.94,50.88,51.38,1590000,12.71
1999-10-25,51.44,52.88,50.25,52.25,2059200,12.93
1999-10-22,55.44,55.88,50.13,51.00,1773600,12.62
1999-10-21,54.56,56.75,53.00,54.25,2780000,13.42
1999-10-20,53.84,57.50,53.25,57.00,2846400,14.10
1999-10-19,52.75,55.13,51.13,53.13,2650000,13.14
1999-10-18,52.75,53.00,49.00,50.31,2318800,12.45
1999-10-15,49.50,53.88,48.75,51.56,5920000,12.76
1999-10-14,44.13,54.00,37.75,54.00,33360800,13.36
1999-10-13,53.75,54.00,45.63,46.25,14336400,11.44
1999-10-12,59.50,60.00,54.06,54.25,2213200,13.42
1999-10-11,61.00,61.75,57.00,58.94,4440800,14.58
1999-10-08,65.62,65.62,58.00,60.00,2232000,14.84
1999-10-07,67.25,70.75,63.75,64.06,3454400,15.85
1999-10-06,61.00,64.75,59.56,62.81,3157600,15.54
1999-10-05,54.69,59.63,54.50,58.56,3610000,14.49
1999-10-04,62.50,63.38,53.13,54.00,8593600,13.36
1999-10-01,64.75,67.50,58.88,59.94,3326800,14.83
1999-09-30,72.00,73.50,65.00,65.19,1676400,16.13
1999-09-29,70.94,75.50,70.75,70.87,1537600,17.53
1999-09-28,71.69,72.00,66.25,70.50,2046400,17.44
1999-09-27,72.50,72.75,70.00,70.62,2137600,17.47
1999-09-24,66.50,72.87,66.00,68.75,8158000,17.01
1999-09-23,82.41,82.87,64.00,65.00,6085600,16.08
1999-09-22,84.00,84.12,80.00,82.25,1048800,20.35
1999-09-21,87.12,87.31,83.00,84.25,1845600,20.84
1999-09-20,87.12,89.87,87.00,88.75,580000,21.96
1999-09-17,85.03,88.75,83.50,88.12,872400,21.80
1999-09-16,85.19,86.56,82.75,84.12,683600,20.81
1999-09-15,89.25,89.25,84.75,84.94,923200,21.01
1999-09-14,90.00,90.50,86.37,89.25,773600,22.08
1999-09-13,88.81,92.50,88.25,89.75,1444400,22.20
1999-09-10,90.75,91.19,86.87,88.87,1106800,21.99
1999-09-09,84.31,88.50,83.75,88.50,1213600,21.90
1999-09-08,85.37,86.00,82.06,82.06,958800,20.30
1999-09-07,88.00,89.00,85.56,86.00,544400,21.28
1999-09-03,84.81,90.16,84.81,87.87,968800,21.74
1999-09-02,83.62,84.94,82.00,83.62,539200,20.69
1999-09-01,85.06,86.94,84.69,85.87,1014800,21.24
1999-08-31,83.62,87.12,81.25,84.37,2085200,20.87
1999-08-30,84.50,84.56,79.50,82.25,1246400,20.35
1999-08-27,86.50,88.00,82.50,84.00,1372400,20.78
1999-08-26,94.25,94.56,84.62,85.00,1535600,21.03
1999-08-25,95.69,95.75,90.50,94.12,1782400,23.29
1999-08-24,87.50,93.00,87.50,92.75,1600000,22.95
1999-08-23,87.50,90.50,86.75,87.75,1050000,21.71
1999-08-20,82.25,87.50,80.87,87.50,1342400,21.65
1999-08-19,81.37,83.25,78.50,82.06,1059200,20.30
1999-08-18,86.87,88.12,82.50,82.87,3200000,20.50
1999-08-17,89.19,90.87,85.87,89.00,2566800,22.02
1999-08-16,87.50,92.50,85.75,88.19,2558000,21.82
1999-08-13,79.87,88.69,78.75,88.12,3653600,21.80
1999-08-12,74.25,80.25,74.00,77.87,2572000,19.27
1999-08-11,71.25,75.75,69.87,75.75,2143600,18.74
1999-08-10,65.25,70.37,64.00,69.69,2335200,17.24
1999-08-09,71.50,71.50,64.69,65.12,1397600,16.11
1999-08-06,75.50,76.25,71.06,71.06,974800,17.58
1999-08-05,69.06,76.50,63.50,76.50,2420800,18.93
1999-08-04,71.25,71.25,65.25,68.81,2128800,17.02
1999-08-03,74.12,74.25,68.75,70.75,2040000,17.50
1999-08-02,75.50,77.50,74.31,75.00,1283200,18.56
1999-07-30,76.94,80.50,73.62,76.75,1256400,18.99
1999-07-29,78.00,78.50,75.06,76.56,3738800,18.94
1999-07-28,72.06,80.00,71.56,79.94,3205600,19.78
1999-07-27,70.56,72.87,69.87,71.56,1486800,17.70
1999-07-26,68.50,71.31,68.00,70.25,2301200,17.38
1999-07-23,73.75,73.87,68.25,70.00,5308800,17.32
1999-07-22,69.00,75.12,67.87,74.75,2732000,18.49
1999-07-21,64.37,72.56,64.06,71.00,3395600,17.57
1999-07-20,61.25,66.87,60.75,64.75,2015200,16.02
1999-07-19,64.00,65.00,61.25,62.75,2864400,15.52
1999-07-16,66.50,67.25,64.37,65.84,2418800,16.29
1999-07-15,57.38,69.44,56.50,69.00,7796400,17.07
1999-07-14,50.25,55.75,49.75,54.38,2482000,13.45
1999-07-13,48.25,50.75,48.13,49.88,792000,12.34
1999-07-12,49.25,50.25,48.25,50.00,1366400,12.37
1999-07-09,46.50,50.00,46.50,48.88,579200,12.09
1999-07-08,47.44,48.00,45.50,46.75,637600,11.57
1999-07-07,48.00,49.50,47.00,47.63,565200,11.78
1999-07-06,46.25,50.75,46.25,48.31,2029200,11.95
1999-07-02,43.88,47.00,43.25,46.00,683200,11.38
1999-07-01,44.88,45.75,43.00,43.81,512000,10.84
1999-06-30,45.50,46.00,44.75,45.00,961200,11.13
1999-06-29,41.56,46.50,41.13,45.75,1607600,11.32
1999-06-28,39.75,41.38,39.50,41.38,623200,10.24
1999-06-25,41.38,42.25,39.19,39.81,768800,9.85
1999-06-24,40.88,42.63,39.88,41.38,864800,10.24
1999-06-23,44.00,44.00,39.25,41.13,1813200,10.18
1999-06-22,42.13,44.69,42.13,44.50,2176800,11.01
1999-06-21,38.50,43.50,38.50,43.00,2818800,10.64
1999-06-18,35.81,39.00,35.50,38.75,2332000,9.59
1999-06-17,35.00,35.88,34.00,35.19,1098800,8.71
1999-06-16,33.94,35.31,33.75,35.25,880800,8.72
1999-06-15,33.50,34.00,33.19,33.94,426800,8.40
1999-06-14,32.38,33.56,32.38,33.13,372000,8.20
1999-06-11,34.25,35.13,32.00,32.31,372000,7.99
1999-06-10,35.06,35.25,33.50,34.38,810000,8.51
1999-06-09,34.13,35.38,34.00,35.13,965600,8.69
1999-06-08,34.00,34.75,33.81,34.25,1084400,8.47
1999-06-07,32.25,33.88,31.50,33.81,1693200,8.36
1999-06-04,32.13,32.75,31.87,32.25,312000,7.98
1999-06-03,32.94,34.25,32.38,32.50,578800,8.04
1999-06-02,32.00,32.94,31.87,32.81,632400,8.12
1999-06-01,31.56,34.00,31.00,33.75,1012000,8.35
1999-05-28,30.50,32.00,30.12,31.00,575200,7.67
1999-05-27,30.75,32.25,30.00,30.25,1179200,7.48
1999-05-26,28.25,30.94,28.25,30.87,958000,7.64
1999-05-25,29.37,30.00,27.37,28.37,663200,7.02
1999-05-24,31.75,32.13,29.44,29.62,559200,7.33
1999-05-21,32.88,33.50,31.00,32.00,443200,7.92
1999-05-20,30.62,33.50,30.62,32.56,1385600,8.06
1999-05-19,29.12,31.12,29.12,30.94,1307600,7.65
1999-05-18,29.50,29.50,29.12,29.12,360000,7.20
1999-05-17,29.37,29.87,29.00,29.25,784800,7.24
1999-05-14,30.31,30.31,29.12,29.25,548800,7.24
1999-05-13,30.50,30.50,29.62,30.25,316800,7.48
1999-05-12,29.50,30.75,28.25,30.44,764400,7.53
1999-05-11,31.00,31.00,28.50,29.37,873600,7.27
1999-05-10,31.12,32.50,30.31,30.50,1524400,7.55
1999-05-07,28.75,31.50,28.75,31.00,2329200,7.67
1999-05-06,25.75,30.00,25.75,28.62,1922000,7.08
1999-05-05,25.81,26.94,25.00,26.75,1278800,6.62
1999-05-04,21.37,28.00,21.00,26.87,5083600,6.65
1999-05-03,21.37,21.37,20.62,21.00,1228000,5.20
1999-04-30,20.75,20.75,20.00,20.25,445600,5.01
1999-04-29,20.37,21.00,19.81,20.00,1276800,4.95
1999-04-28,21.62,21.75,20.25,20.44,793200,5.06
1999-04-27,21.87,22.62,21.62,21.62,840800,5.35
1999-04-26,22.69,22.69,21.50,22.06,1015600,5.46
1999-04-23,22.69,23.00,21.37,22.25,848800,5.50
1999-04-22,22.00,23.25,22.00,22.75,689200,5.63
1999-04-21,21.37,21.87,21.00,21.37,526400,5.29
1999-04-20,20.31,21.00,19.25,20.62,806400,5.10
1999-04-19,23.87,24.00,19.75,20.12,1266800,4.98
1999-04-16,20.44,24.81,20.00,22.62,1538800,5.60
1999-04-15,24.00,24.00,18.25,21.25,3142400,5.26
1999-04-14,21.37,25.25,21.37,23.12,1613600,5.72
1999-04-13,19.87,20.87,19.50,20.12,1728800,4.98
1999-04-12,20.00,20.37,18.25,19.25,1560800,4.76
1999-04-09,21.37,21.50,19.75,20.00,4234400,4.95
1999-04-08,25.25,25.25,17.00,23.25,4755600,5.75
1999-04-07,25.62,26.62,25.00,25.00,952400,6.19
1999-04-06,25.50,25.75,24.12,25.75,1282400,6.37
1999-04-05,26.62,26.62,25.50,25.62,1142000,6.34
1999-04-01,26.25,27.00,26.25,26.41,520000,6.53
1999-03-31,27.00,27.25,26.00,26.50,603200,6.56
1999-03-30,28.50,28.75,26.37,27.00,1886800,6.68
1999-03-29,29.25,29.25,28.25,28.75,571200,7.11
1999-03-26,29.37,29.69,28.00,28.94,480800,7.16
1999-03-25,27.62,30.25,27.62,29.37,731200,7.27
1999-03-24,26.25,26.50,25.50,26.12,1726400,6.46
1999-03-23,29.62,30.12,24.37,26.62,2598000,6.59
1999-03-22,32.50,32.50,29.25,30.12,1301200,7.45
1999-03-19,35.88,36.25,31.37,32.94,1912000,8.15
1999-03-18,35.75,36.28,35.50,36.25,363200,8.97
1999-03-17,37.00,37.50,36.00,36.00,951200,8.91
1999-03-16,35.88,37.25,35.88,37.00,824800,9.15
1999-03-15,36.75,37.00,35.38,36.00,930000,8.91
1999-03-12,34.88,37.25,34.63,36.88,3167600,9.12
1999-03-11,33.75,34.88,33.38,34.50,1930000,8.54
1999-03-10,34.50,35.13,32.75,33.50,1035600,8.29
1999-03-09,32.75,37.63,32.25,34.13,2871200,8.44
1999-03-08,30.75,33.00,30.37,32.75,1592400,8.10
1999-03-05,28.50,30.87,28.25,30.87,1645200,7.64
1999-03-04,29.69,29.69,27.87,28.25,2722400,6.99
1999-03-03,30.25,30.37,29.00,29.50,1592400,7.30
1999-03-02,28.75,30.50,28.50,29.87,1572400,7.39
1999-03-01,28.00,29.50,27.62,29.37,1216800,7.27
1999-02-26,27.87,28.00,27.37,28.00,878000,6.93
1999-02-25,28.50,28.50,26.87,28.25,698800,6.99
1999-02-24,27.94,29.50,27.44,28.37,2022000,7.02
1999-02-23,26.50,27.87,26.12,27.75,1883200,6.87
1999-02-22,25.00,26.75,24.87,26.37,1241200,6.52
1999-02-19,24.81,24.87,24.56,24.62,316800,6.09
1999-02-18,24.19,24.87,24.19,24.81,2113600,6.14
1999-02-17,24.25,25.12,24.00,24.44,2656400,6.05
1999-02-16,26.25,26.50,24.37,24.69,1294400,6.11
1999-02-12,24.50,27.69,24.50,26.75,2693600,6.62
1999-02-11,23.12,25.87,23.12,25.06,1158000,6.20
1999-02-10,25.75,25.87,22.75,23.12,2110000,5.72
1999-02-09,26.56,27.00,26.25,26.25,1009200,6.49
1999-02-08,25.87,26.75,25.75,26.75,764800,6.62
1999-02-05,27.87,28.00,24.37,25.75,2082400,6.37
1999-02-04,27.87,28.25,27.62,27.94,4684800,6.91
1999-02-03,27.87,28.37,27.75,28.37,1723600,7.02
1999-02-02,28.00,28.25,27.50,28.00,1712400,6.93
1999-02-01,28.87,29.12,27.50,28.37,1589200,7.02
1999-01-29,28.37,29.12,27.87,28.87,1601200,7.14
1999-01-28,28.87,29.00,27.87,28.44,2395600,7.04
1999-01-27,28.12,29.75,28.00,29.12,3454800,7.20
1999-01-26,23.50,29.25,22.75,29.00,7579200,7.17
1999-01-25,23.37,24.25,22.87,23.37,1358000,5.78
1999-01-22,23.62,24.50,22.75,24.00,941200,5.94
1999-01-21,23.37,25.75,21.50,23.75,2510800,5.88
1999-01-20,27.87,28.25,25.00,26.12,7336400,6.46
1999-01-19,23.75,27.23,23.62,27.12,3286800,6.71
1999-01-15,22.56,24.00,22.25,23.62,3555600,5.84
1999-01-14,21.25,24.12,20.87,22.81,6213600,5.64
1999-01-13,15.69,21.12,14.88,20.00,6100000,4.95
1999-01-12,14.75,17.00,14.44,16.44,2541200,4.07
1999-01-11,14.13,15.00,14.00,14.75,613600,3.65
1999-01-08,13.88,14.50,13.88,14.00,734800,3.46
1999-01-07,14.00,14.13,13.38,14.00,410800,3.46
1999-01-06,13.88,14.38,13.50,13.75,734800,3.40
1999-01-05,13.88,14.50,13.38,13.88,493600,3.43
1999-01-04,14.13,14.38,13.25,13.38,522000,3.31
1998-12-31,12.88,14.81,12.50,14.13,1485200,3.50
1998-12-30,12.75,13.00,12.69,12.69,573600,3.14
1998-12-29,12.50,13.00,12.50,12.88,435200,3.19
1998-12-28,13.13,13.63,12.63,12.69,896400,3.14
1998-12-24,13.25,13.63,13.00,13.13,207600,3.25
1998-12-23,13.38,13.88,13.25,13.38,415200,3.31
1998-12-22,14.13,14.13,13.00,13.50,501200,3.34
1998-12-21,14.25,14.56,12.75,13.75,1008000,3.40
1998-12-18,14.69,15.00,13.25,14.13,2408800,3.50
1998-12-17,12.38,15.00,11.94,14.44,1596800,3.57
1998-12-16,12.25,12.50,11.88,12.00,685600,2.97
1998-12-15,12.25,12.50,12.25,12.50,548000,3.09
1998-12-14,12.50,12.75,12.25,12.25,482000,3.03
1998-12-11,12.50,13.25,12.50,12.88,578800,3.19
1998-12-10,13.13,13.25,12.63,12.94,681200,3.20
1998-12-09,13.38,13.63,13.13,13.13,255600,3.25
1998-12-08,13.63,13.63,13.31,13.38,1120000,3.31
1998-12-07,13.75,13.75,13.13,13.44,498000,3.33
1998-12-04,13.63,13.94,13.00,13.25,1281200,3.28
1998-12-03,12.25,13.69,11.75,13.38,2438000,3.31
1998-12-02,11.88,12.25,11.44,12.06,511200,2.98
1998-12-01,11.56,11.88,11.38,11.50,305200,2.85
1998-11-30,12.00,12.00,10.75,11.88,615600,2.94
1998-11-27,11.75,12.25,11.75,12.06,132400,2.98
1998-11-25,11.75,12.13,11.75,11.75,160800,2.91
1998-11-24,12.13,12.25,11.69,11.97,491200,2.96
1998-11-23,12.50,12.63,12.00,12.13,893200,3.00
1998-11-20,12.25,12.50,12.00,12.31,1126800,3.05
1998-11-19,11.75,12.63,11.69,12.25,1247600,3.03
1998-11-18,10.88,11.75,10.50,11.56,810000,2.86
1998-11-17,10.75,10.81,10.50,10.63,405600,2.63
1998-11-16,10.63,10.75,10.13,10.75,687600,2.66
1998-11-13,11.00,11.06,10.25,10.38,928000,2.57
1998-11-12,11.50,11.75,11.25,11.31,255200,2.80
1998-11-11,11.50,11.75,11.25,11.44,1615600,2.83
1998-11-10,11.75,11.75,11.25,11.63,886800,2.88
1998-11-09,12.50,12.50,11.13,11.56,1180000,2.86
1998-11-06,10.50,12.38,10.50,12.00,2400800,2.97
1998-11-05,10.56,11.00,10.31,10.50,1102000,2.60
1998-11-04,10.50,10.94,10.25,10.50,1881200,2.60
1998-11-03,10.38,10.50,10.06,10.19,1009200,2.52
1998-11-02,9.75,10.38,9.63,10.25,2418800,2.54
1998-10-30,9.13,9.81,9.00,9.63,2019200,2.38
1998-10-29,9.25,9.25,9.00,9.06,403200,2.24
1998-10-28,9.06,9.38,9.00,9.13,741200,2.26
1998-10-27,9.31,9.31,8.81,9.06,1157600,2.24
1998-10-26,9.75,9.75,8.75,9.13,618000,2.26
1998-10-23,9.50,9.75,9.38,9.56,283600,2.37
1998-10-22,10.00,10.00,9.25,9.50,412400,2.35
1998-10-21,9.00,9.75,9.00,9.69,942000,2.40
1998-10-20,8.31,9.19,8.31,8.75,694800,2.16
1998-10-19,8.88,9.00,8.25,8.31,744400,2.06
1998-10-16,7.75,9.00,7.75,8.63,1123200,2.14
1998-10-15,7.00,8.38,6.88,7.69,1215600,1.90
1998-10-14,6.69,6.81,6.25,6.56,723600,1.62
1998-10-13,6.75,6.75,6.25,6.63,269200,1.64
1998-10-12,6.50,6.69,6.13,6.50,656400,1.61
1998-10-09,6.00,6.50,5.75,6.06,625200,1.50
1998-10-08,6.38,6.38,5.13,5.88,17633200,1.45
1998-10-07,6.31,6.88,6.13,6.69,504400,1.66
1998-10-06,6.88,7.06,6.00,6.25,738800,1.55
1998-10-05,7.00,7.00,6.38,6.56,815600,1.62
1998-10-02,7.06,7.13,6.63,7.00,569200,1.73
1998-10-01,7.75,7.75,6.81,7.38,754400,1.83
1998-09-30,7.50,7.75,7.50,7.75,171200,1.92
1998-09-29,7.63,7.94,7.50,7.63,138800,1.89
1998-09-28,7.75,8.00,7.56,7.88,243200,1.95
1998-09-25,8.50,8.50,7.75,7.81,420800,1.93
1998-09-24,8.25,8.75,8.00,8.13,438000,2.01
1998-09-23,8.13,8.50,8.00,8.19,868000,2.03
1998-09-22,7.88,8.06,7.63,8.06,287600,1.99
1998-09-21,7.75,7.81,7.50,7.53,299200,1.86
1998-09-18,7.69,7.88,7.50,7.69,378800,1.90
1998-09-17,8.00,8.00,7.56,7.75,357600,1.92
1998-09-16,8.19,8.25,7.75,7.94,602000,1.96
1998-09-15,8.06,8.25,7.88,8.00,326800,1.98
1998-09-14,8.50,8.75,7.94,8.00,619200,1.98
1998-09-11,7.94,8.31,7.63,8.25,733600,2.04
1998-09-10,7.88,8.13,7.50,7.50,698800,1.86
1998-09-09,9.19,9.25,7.63,8.13,3368000,2.01
1998-09-08,10.25,10.75,9.31,9.44,3375600,2.34
1998-09-04,10.50,10.63,10.13,10.19,724400,2.52
1998-09-03,10.13,10.63,9.75,10.31,346800,2.55
1998-09-02,10.25,10.25,9.75,9.88,355200,2.44
1998-09-01,8.88,10.25,8.63,10.00,695600,2.47
1998-08-31,8.75,9.13,8.00,8.75,782000,2.16
1998-08-28,9.88,9.88,8.50,8.63,1330000,2.14
1998-08-27,9.63,10.00,9.50,9.88,555600,2.44
1998-08-26,10.38,10.56,10.06,10.25,413600,2.54
1998-08-25,10.38,10.63,10.25,10.50,379200,2.60
1998-08-24,9.94,10.38,9.94,10.00,846400,2.47
1998-08-21,10.19,10.19,9.50,10.00,462000,2.47
1998-08-20,10.38,10.38,10.00,10.13,280800,2.51
1998-08-19,10.69,10.88,10.00,10.19,562000,2.52
1998-08-18,10.38,11.13,10.31,10.44,813600,2.58
1998-08-17,10.63,10.63,10.25,10.31,313600,2.55
1998-08-14,10.44,10.63,10.38,10.44,296400,2.58
1998-08-13,10.44,10.75,10.25,10.44,694800,2.58
1998-08-12,9.63,10.38,9.63,10.19,445600,2.52
1998-08-11,9.63,9.75,9.25,9.75,700000,2.41
1998-08-10,10.75,11.00,10.00,10.06,442400,2.49
1998-08-07,10.50,11.31,10.25,10.88,914800,2.69
1998-08-06,10.13,10.38,9.50,10.25,722000,2.54
1998-08-05,10.13,10.31,9.63,10.00,897600,2.47
1998-08-04,10.38,10.50,10.00,10.00,575200,2.47
1998-08-03,10.88,10.88,10.19,10.38,658000,2.57
1998-07-31,10.88,10.88,10.56,10.63,257600,2.63
1998-07-30,10.75,10.88,10.63,10.75,490800,2.66
1998-07-29,11.06,11.06,10.50,10.75,496400,2.66
1998-07-28,11.25,11.50,10.56,10.94,554400,2.71
1998-07-27,11.75,11.75,10.75,11.25,1486400,2.78
1998-07-24,11.63,12.25,11.25,11.75,1164400,2.91
1998-07-23,12.50,12.75,11.81,12.00,872400,2.97
1998-07-22,12.75,12.88,12.31,12.38,298000,3.06
1998-07-21,12.75,13.06,12.75,12.88,663200,3.19
1998-07-20,12.81,13.13,12.25,13.06,932400,3.23
1998-07-17,13.50,13.69,12.88,12.94,813200,3.20
1998-07-16,14.00,14.25,13.50,13.63,746800,3.37
1998-07-15,13.00,14.06,13.00,14.00,726800,3.46
1998-07-14,13.13,13.50,13.00,13.13,415600,3.25
1998-07-13,13.00,13.13,12.88,13.13,768000,3.25
1998-07-10,13.63,13.75,12.88,13.25,685600,3.28
1998-07-09,13.94,14.13,13.63,13.75,299200,3.40
1998-07-08,13.13,14.06,13.13,14.00,805600,3.46
1998-07-07,14.00,14.13,13.13,13.38,1298800,3.31
1998-07-06,14.25,14.50,14.00,14.13,744400,3.50
1998-07-02,14.38,14.63,14.13,14.50,282000,3.59
1998-07-01,13.88,14.63,13.31,14.63,1222400,3.62
1998-06-30,14.56,14.56,13.69,13.81,1399200,3.42
1998-06-29,14.25,14.75,14.00,14.50,1170800,3.59
1998-06-26,13.75,14.00,13.50,13.75,1052400,3.40
1998-06-25,14.69,14.75,13.00,13.75,2046400,3.40
1998-06-24,13.75,15.25,13.75,14.63,3564400,3.62
1998-06-23,13.25,13.94,13.13,13.94,2801200,3.45
1998-06-22,13.69,13.88,13.00,13.38,2218800,3.31
1998-06-19,13.50,14.25,12.25,13.50,8528800,3.34
1998-06-18,19.00,19.50,15.88,16.25,3295600,4.02
1998-06-17,16.75,19.25,16.37,19.00,4879200,4.70
1998-06-16,14.88,16.37,14.88,16.25,967600,4.02
1998-06-15,14.63,15.19,14.38,14.88,1695600,3.68
1998-06-12,15.00,15.00,14.13,14.63,1608000,3.62
1998-06-11,16.37,16.37,14.75,15.06,1018800,3.73
1998-06-10,17.75,17.75,16.12,16.25,730800,4.02
1998-06-09,17.25,17.87,17.00,17.75,893200,4.39
1998-06-08,15.63,16.94,15.38,16.94,1410800,4.19
1998-06-05,15.88,15.88,15.25,15.50,515200,3.83
1998-06-04,15.75,15.94,15.50,15.56,305600,3.85
1998-06-03,15.25,16.25,15.25,15.75,974800,3.90
1998-06-02,16.00,16.00,14.63,15.06,904800,3.73
1998-06-01,16.44,16.44,15.75,15.75,435600,3.90
1998-05-29,16.44,16.87,16.12,16.12,1194800,3.99
1998-05-28,16.50,16.73,16.25,16.37,1405200,4.05
1998-05-27,17.06,17.06,15.88,16.06,1166400,3.97
1998-05-26,16.87,17.47,16.87,16.94,1308800,4.19
1998-05-22,16.87,17.06,16.25,16.87,2258800,4.17
1998-05-21,17.75,17.75,16.25,16.62,2783600,4.11
1998-05-20,18.75,18.87,17.37,17.37,622000,4.30
1998-05-19,18.62,19.12,18.44,18.75,1820000,4.64
1998-05-18,18.87,19.25,18.19,18.50,779200,4.58
1998-05-15,19.25,19.62,17.81,18.50,894400,4.58
1998-05-14,19.75,19.75,19.25,19.44,592000,4.81
1998-05-13,19.50,19.75,19.50,19.75,601200,4.89
1998-05-12,19.81,19.87,19.12,19.50,608800,4.82
1998-05-11,20.50,20.75,19.75,19.75,984800,4.89
1998-05-08,20.25,20.87,20.12,20.44,494400,5.06
1998-05-07,20.87,20.87,20.25,20.37,292400,5.04
1998-05-06,20.75,21.25,20.62,20.75,459200,5.13
1998-05-05,20.50,21.00,20.25,20.87,578800,5.16
1998-05-04,20.75,21.00,20.37,20.50,415600,5.07
1998-05-01,20.62,21.00,20.62,20.75,764400,5.13
1998-04-30,21.25,21.25,20.56,20.87,700800,5.16
1998-04-29,21.50,21.50,21.19,21.19,409200,5.24
1998-04-28,21.62,21.87,21.25,21.37,563600,5.29
1998-04-27,21.87,22.12,21.25,21.37,560800,5.29
1998-04-24,22.00,22.37,21.87,22.37,480000,5.53
1998-04-23,22.87,22.87,22.00,22.12,1549200,5.47
1998-04-22,22.00,23.00,21.87,22.75,930800,5.63
1998-04-21,22.25,22.50,21.87,21.87,1672400,5.41
1998-04-20,22.00,22.75,21.62,22.06,1199200,5.46
1998-04-17,21.87,21.94,21.25,21.94,1495200,5.43
1998-04-16,22.50,22.62,21.87,22.00,2752000,5.44
1998-04-15,23.00,23.12,22.12,22.75,1279200,5.63
1998-04-14,23.25,24.25,23.00,23.12,1130800,5.72
1998-04-13,22.00,23.37,21.81,23.12,772000,5.72
1998-04-09,22.00,22.00,21.50,21.87,1205600,5.41
1998-04-08,21.87,22.06,21.87,21.87,872000,5.41
1998-04-07,22.75,23.00,21.37,22.00,1388800,5.44
1998-04-06,23.62,23.75,23.12,23.12,980000,5.72
1998-04-03,23.56,23.75,23.50,23.69,374400,5.86
1998-04-02,24.12,24.50,23.50,23.75,797600,5.88
1998-04-01,25.00,25.12,24.25,24.25,750800,6.00
1998-03-31,23.62,24.87,23.62,24.87,1160800,6.15
1998-03-30,24.19,24.62,23.37,23.75,563600,5.88
1998-03-27,24.87,25.12,24.19,24.19,1610800,5.98
1998-03-26,25.31,25.31,24.75,24.94,2101200,6.17
1998-03-25,25.69,25.69,24.87,25.00,956800,6.19
1998-03-24,25.62,25.75,25.25,25.44,726400,6.29
1998-03-23,24.94,25.75,24.75,25.44,1116400,6.29
1998-03-20,24.75,25.12,24.62,24.94,2073200,6.17
1998-03-19,24.50,24.87,24.50,24.75,398800,6.12
1998-03-18,24.50,24.94,24.37,24.75,1132400,6.12
1998-03-17,25.00,25.25,24.37,24.62,1019200,6.09
1998-03-16,25.00,25.25,24.75,24.87,564400,6.15
1998-03-13,25.00,25.62,24.87,25.00,723600,6.19
1998-03-12,24.62,25.12,24.37,25.00,515200,6.19
1998-03-11,24.87,25.00,24.62,24.69,758800,6.11
1998-03-10,24.37,25.00,24.37,24.87,1780800,6.15
1998-03-09,24.87,25.50,24.25,24.37,1067600,6.03
1998-03-06,24.00,25.37,23.87,25.12,1014800,6.21
1998-03-05,24.00,24.12,23.50,23.87,1324400,5.91
1998-03-04,24.81,25.50,24.69,25.25,634400,6.25
1998-03-03,24.87,25.12,24.62,24.87,1162400,6.15
1998-03-02,25.50,26.25,24.94,25.12,2980000,6.21
1998-02-27,24.50,25.75,24.25,25.44,2817600,6.29
1998-02-26,23.62,24.69,23.62,24.37,1696400,6.03
1998-02-25,22.62,23.75,22.62,23.62,1379200,5.84
1998-02-24,22.75,23.00,22.37,22.62,687600,5.60
1998-02-23,23.25,23.62,22.50,22.75,819200,5.63
1998-02-20,22.37,23.50,22.37,23.12,1458000,5.72
1998-02-19,22.00,22.81,21.50,22.37,1219200,5.53
1998-02-18,21.50,22.00,21.37,21.62,1046400,5.35
1998-02-17,23.12,23.37,21.75,21.75,1335200,5.38
1998-02-13,22.75,23.62,22.25,22.75,1065600,5.63
1998-02-12,21.87,23.25,21.56,22.69,2371200,5.61
1998-02-11,20.25,22.12,20.25,22.00,2128000,5.44
1998-02-10,19.87,20.25,19.50,20.12,1194400,4.98
1998-02-09,20.37,20.37,19.56,19.75,489200,4.89
1998-02-06,20.37,20.62,19.87,20.25,595600,5.01
1998-02-05,20.37,21.25,20.06,20.41,1058800,5.05
1998-02-04,20.62,20.62,20.12,20.12,526400,4.98
1998-02-03,20.75,21.37,20.00,20.56,543600,5.09
1998-02-02,20.62,21.50,20.25,20.75,926800,5.13
1998-01-30,20.00,20.37,19.87,20.00,332400,4.95
1998-01-29,20.37,20.37,19.87,20.00,820800,4.95
1998-01-28,19.31,20.37,19.31,20.25,1390000,5.01
1998-01-27,19.62,20.12,19.12,19.37,518800,4.79
1998-01-26,20.75,20.75,19.50,19.62,1188000,4.85
1998-01-23,20.12,21.12,20.12,20.75,1017600,5.13
1998-01-22,19.75,21.75,19.50,20.00,1330800,4.95
1998-01-21,20.87,21.12,20.25,20.62,992400,5.10
1998-01-20,21.75,22.00,20.87,21.31,901200,5.27
1998-01-16,21.25,22.12,21.00,21.37,1014400,5.29
1998-01-15,22.12,22.12,20.37,20.75,1094800,5.13
1998-01-14,23.37,23.87,21.87,22.00,1010000,5.44
1998-01-13,21.62,23.81,21.62,23.25,802000,5.75
1998-01-12,19.75,21.75,19.37,21.62,832400,5.35
1998-01-09,22.62,22.87,20.75,21.00,1208000,5.20
1998-01-08,23.00,23.37,22.50,22.62,413200,5.60
1998-01-07,23.75,23.81,21.75,23.62,1364400,5.84
1998-01-06,24.50,24.50,23.00,24.00,1423200,5.94
1998-01-05,23.62,25.25,23.25,24.31,2664400,6.01
1998-01-02,20.44,22.12,20.06,22.00,1361200,5.44
1997-12-31,19.87,20.62,19.50,20.31,2623600,5.02
1997-12-30,17.12,19.62,17.12,19.31,2523200,4.78
1997-12-29,17.84,18.62,15.75,17.19,3587600,4.25
1997-12-26,19.75,20.00,18.25,18.44,1133600,4.56
1997-12-24,19.50,19.75,18.87,19.69,642000,4.87
1997-12-23,20.37,20.50,19.25,19.81,887600,4.90
1997-12-22,20.25,21.25,20.25,20.62,1058800,5.10
1997-12-19,19.75,20.25,19.12,20.25,1030800,5.01
1997-12-18,20.25,21.87,19.12,19.50,1496400,4.82
1997-12-17,19.87,22.50,19.75,20.37,2127600,5.04
1997-12-16,19.69,19.75,19.00,19.75,493200,4.89
1997-12-15,19.62,19.87,18.87,19.50,936800,4.82
1997-12-12,19.81,20.50,19.12,19.75,1579200,4.89
1997-12-11,21.87,21.87,18.75,19.75,2380800,4.89
1997-12-10,23.50,23.87,21.50,22.00,2084400,5.44
1997-12-09,24.75,24.75,23.75,23.75,1012400,5.88
1997-12-08,23.25,24.69,23.12,24.69,870800,6.11
1997-12-05,23.62,23.87,23.12,23.50,1026400,5.81
1997-12-04,23.87,23.94,23.37,23.62,1232400,5.84
1997-12-03,22.62,24.00,22.00,23.31,2493600,5.77
1997-12-02,24.00,24.12,22.50,22.50,2283600,5.57
1997-12-01,24.37,24.87,23.50,24.00,3261200,5.94
1997-11-28,25.12,25.37,24.00,24.50,1569200,6.06
1997-11-26,25.62,26.25,25.25,25.37,1787600,6.28
1997-11-25,27.00,27.00,25.37,25.50,1625200,6.31
1997-11-24,27.87,28.00,27.00,27.00,2083200,6.68
1997-11-21,28.50,29.00,27.87,27.87,1174800,6.90
1997-11-20,27.75,28.56,27.75,28.50,1887600,7.05
1997-11-19,27.75,28.37,27.50,27.81,7129200,6.88
1997-11-18,29.75,30.00,28.25,28.25,878800,6.99
1997-11-17,29.25,29.75,28.25,29.62,2007600,7.33
1997-11-14,26.87,29.00,26.50,28.44,1168000,7.04
1997-11-13,25.56,26.75,25.25,26.75,1132000,6.62
1997-11-12,26.37,26.75,25.12,25.87,1620800,6.40
1997-11-11,28.37,28.62,27.00,27.37,498800,6.77
1997-11-10,28.12,29.25,27.62,28.00,1076400,6.93
1997-11-07,28.50,29.12,27.62,28.50,2055600,7.05
1997-11-06,29.56,30.25,28.87,29.19,2973200,7.22
1997-11-05,29.50,30.75,28.00,29.00,4882400,7.17
1997-11-04,25.87,28.75,25.75,28.00,2708000,6.93
1997-11-03,24.37,26.00,24.31,25.37,2624400,6.28
1997-10-31,23.37,24.81,23.25,23.87,1692000,5.91
1997-10-30,24.25,24.75,22.00,22.25,2940000,5.50
1997-10-29,26.37,26.37,24.50,24.69,1497600,6.11
1997-10-28,21.75,25.50,21.50,25.12,3688800,6.21
1997-10-27,27.37,27.37,22.87,23.50,3538800,5.81
1997-10-24,28.50,29.25,27.50,27.50,1422000,6.80
1997-10-23,27.50,28.87,27.25,28.00,1720800,6.93
1997-10-22,27.12,30.12,27.00,29.37,1946800,7.27
1997-10-21,29.50,29.75,27.00,27.62,2934800,6.83
1997-10-20,31.00,31.25,29.00,29.56,2406400,7.31
1997-10-17,29.62,31.25,26.62,30.75,6760800,7.61
1997-10-16,32.75,33.25,28.87,30.00,20663200,7.42
1997-10-15,38.50,39.88,37.00,38.00,2032000,9.40
1997-10-14,39.00,39.75,38.50,39.13,1667600,9.68
1997-10-13,39.38,40.00,38.81,39.25,1500000,9.71
1997-10-10,37.00,40.00,36.38,39.63,2208800,9.80
1997-10-09,37.75,38.25,37.25,37.25,595600,9.22
1997-10-08,38.75,38.88,37.63,38.25,775600,9.46
1997-10-07,37.75,38.88,36.00,38.88,1080000,9.62
1997-10-06,37.63,38.63,37.63,37.75,557600,9.34
1997-10-03,38.75,39.25,37.25,37.88,1249200,9.37
1997-10-02,35.75,38.38,35.75,38.00,1925600,9.40
1997-10-01,35.75,36.94,34.75,35.75,2338000,8.84
1997-09-30,33.00,36.13,32.00,36.00,1610800,8.91
1997-09-29,32.88,33.75,32.00,33.13,1013200,8.20
1997-09-26,33.63,34.00,32.50,32.50,882400,8.04
1997-09-25,33.13,34.25,32.38,33.13,1488000,8.20
1997-09-24,35.00,36.63,32.50,33.00,5623200,8.16
1997-09-23,29.50,34.38,29.50,34.13,3690000,8.44
1997-09-22,28.50,30.00,28.25,30.00,1565200,7.42
1997-09-19,27.87,28.87,27.87,28.62,784400,7.08
1997-09-18,27.50,28.00,27.12,27.94,893200,6.91
1997-09-17,29.87,30.00,26.62,28.00,2168800,6.93
1997-09-16,29.50,29.87,28.75,29.12,1058000,7.20
1997-09-15,27.00,29.50,26.37,28.62,1762400,7.08
1997-09-12,27.50,27.87,26.62,26.87,682400,6.65
1997-09-11,27.37,27.62,26.50,27.50,468800,6.80
1997-09-10,27.50,27.75,27.00,27.37,738800,6.77
1997-09-09,28.00,28.50,27.50,27.75,481200,6.87
1997-09-08,28.75,29.25,27.56,28.00,980800,6.93
1997-09-05,27.75,28.50,27.75,28.50,1148000,7.05
1997-09-04,28.37,28.62,27.25,28.00,1043200,6.93
1997-09-03,28.62,29.75,28.12,28.50,1440000,7.05
1997-09-02,27.37,29.50,27.12,28.81,1763600,7.13
1997-08-29,27.50,27.50,26.50,27.12,1401200,6.71
1997-08-28,28.00,28.25,27.12,27.12,1400000,6.71
1997-08-27,29.50,29.50,27.19,28.25,2808000,6.99
1997-08-26,30.75,30.75,29.00,29.12,3896400,7.20
1997-08-25,25.50,31.50,25.50,30.50,12288800,7.55
1997-08-22,22.62,25.00,21.94,25.00,2082400,6.19
1997-08-21,23.12,24.00,22.87,23.12,1315600,5.72
1997-08-20,21.50,23.25,21.25,23.12,2050000,5.72
1997-08-19,19.75,21.50,19.62,21.37,1044400,5.29
1997-08-18,21.00,21.12,18.62,19.25,2681200,4.76
1997-08-15,21.87,22.12,20.75,20.75,682400,5.13
1997-08-14,21.62,22.19,21.25,22.00,1452000,5.44
1997-08-13,22.75,22.75,20.62,21.25,1205600,5.26
1997-08-12,22.87,23.00,22.25,22.50,611200,5.57
1997-08-11,22.62,23.12,21.87,22.87,1123200,5.66
1997-08-08,21.75,22.75,21.50,22.31,835600,5.52
1997-08-07,23.87,24.12,22.25,22.37,882400,5.53
1997-08-06,25.00,25.00,23.87,23.87,1540000,5.91
1997-08-05,22.75,25.19,22.37,25.00,3409200,6.19
1997-08-04,22.50,22.87,22.12,22.75,573200,5.63
1997-08-01,21.87,22.87,21.87,22.87,968800,5.66
1997-07-31,22.12,22.25,21.75,22.00,698000,5.44
1997-07-30,21.00,22.62,20.87,22.12,1259200,5.47
1997-07-29,20.75,21.00,20.50,21.00,364400,5.20
1997-07-28,20.50,21.12,20.00,21.00,1008000,5.20
1997-07-25,21.62,21.87,20.50,20.50,1532000,5.07
1997-07-24,21.62,22.12,20.00,21.87,1138000,5.41
1997-07-23,23.12,23.50,21.37,21.62,1458000,5.35
1997-07-22,20.75,23.12,20.75,23.12,2210800,5.72
1997-07-21,22.69,22.87,19.37,20.50,2896400,5.07
1997-07-18,24.12,24.25,22.25,22.75,3678000,5.63
1997-07-17,22.50,24.50,22.00,24.25,6813200,6.00
1997-07-16,20.12,21.37,20.00,21.25,1937600,5.26
1997-07-15,20.00,20.25,19.62,20.12,3007600,4.98
1997-07-14,18.50,20.00,18.25,20.00,2176800,4.95
1997-07-11,17.00,18.50,17.00,18.31,1662000,4.53
1997-07-10,17.00,17.25,17.00,17.00,1042000,4.21
1997-07-09,17.00,17.25,16.94,17.25,1128800,4.27
1997-07-08,16.87,17.12,16.87,16.94,620800,4.19
1997-07-07,17.00,17.37,16.87,17.00,1577600,4.21
1997-07-03,17.00,17.12,16.75,16.94,1232000,4.19
1997-07-02,16.50,17.50,16.50,17.00,3858800,4.21
1997-07-01,14.75,16.50,14.75,16.50,4415600,4.08
1997-06-30,14.50,14.88,14.38,14.63,1214800,3.62
1997-06-27,14.06,14.50,13.88,14.50,1184400,3.59
1997-06-26,13.25,14.25,13.25,14.06,1818000,3.48
1997-06-25,13.50,13.50,13.25,13.31,601200,3.29
1997-06-24,13.38,13.50,13.13,13.50,722000,3.34
1997-06-23,13.25,13.50,13.25,13.25,705600,3.28
1997-06-20,13.56,13.56,13.25,13.50,421200,3.34
1997-06-19,14.00,14.00,13.38,13.63,938000,3.37
1997-06-18,13.88,14.00,13.50,13.88,1220800,3.43
1997-06-17,13.50,14.25,13.13,13.88,2402000,3.43
1997-06-16,12.88,13.38,12.81,13.31,351200,3.29
1997-06-13,12.75,13.00,12.63,12.88,323200,3.19
1997-06-12,12.25,12.75,12.25,12.75,484400,3.15
1997-06-11,12.25,12.38,12.13,12.38,601200,3.06
1997-06-10,12.50,12.63,12.13,12.13,358800,3.00
1997-06-09,12.81,12.88,12.50,12.50,278800,3.09
1997-06-06,12.75,12.81,12.56,12.75,94400,3.15
1997-06-05,12.50,12.88,12.44,12.75,294400,3.15
1997-06-04,12.38,12.88,12.25,12.56,468000,3.11
1997-06-03,13.75,13.75,12.00,12.25,1612000,3.03
1997-06-02,14.38,14.38,13.63,13.75,1054800,3.40
1997-05-30,13.50,14.38,13.13,14.38,2259200,3.56
1997-05-29,13.00,14.13,12.88,13.63,1296800,3.37
1997-05-28,12.38,13.00,12.38,13.00,1044400,3.22
1997-05-27,12.63,12.63,12.13,12.38,617600,3.06
1997-05-23,12.13,12.63,12.13,12.63,852400,3.12
1997-05-22,12.50,12.63,12.00,12.25,416400,3.03
1997-05-21,12.63,12.75,12.50,12.50,371200,3.09
1997-05-20,12.00,12.63,11.88,12.50,664400,3.09
1997-05-19,11.88,12.13,11.75,12.00,573200,2.97
1997-05-16,11.75,11.88,11.63,11.63,132400,2.88
1997-05-15,11.63,11.88,11.25,11.75,584400,2.91
1997-05-14,11.00,11.50,11.00,11.50,482000,2.85
1997-05-13,11.13,11.38,10.88,10.88,246800,2.69
1997-05-12,11.38,11.63,11.13,11.25,253200,2.78
1997-05-09,11.50,11.63,11.38,11.63,375200,2.88
1997-05-08,12.13,12.13,11.50,11.50,425200,2.85
1997-05-07,12.13,12.38,11.88,12.13,292400,3.00
1997-05-06,12.25,12.50,12.13,12.25,202000,3.03
1997-05-05,12.63,12.88,12.25,12.41,696400,3.07
1997-05-02,12.25,12.63,12.13,12.50,418800,3.09
1997-05-01,12.63,12.63,12.00,12.13,341200,3.00
1997-04-30,12.25,12.75,12.13,12.75,695600,3.15
1997-04-29,11.88,12.25,11.88,12.13,661200,3.00
1997-04-28,12.06,12.25,11.75,12.00,693600,2.97
1997-04-25,11.63,12.13,11.50,12.13,696800,3.00
1997-04-24,11.25,11.75,11.25,11.75,723200,2.91
1997-04-23,11.13,11.50,11.13,11.50,473200,2.85
1997-04-22,11.13,11.25,11.00,11.25,514400,2.78
1997-04-21,11.00,11.38,10.88,11.25,446400,2.78
1997-04-18,11.50,11.50,11.13,11.13,334400,2.75
1997-04-17,11.25,11.63,10.75,11.38,702000,2.82
1997-04-16,12.00,12.13,11.63,11.88,564400,2.94
1997-04-15,11.63,12.00,11.38,11.63,481200,2.88
1997-04-14,10.88,11.75,10.88,11.45,383600,2.83
1997-04-11,11.13,11.38,10.75,11.00,466800,2.72
1997-04-10,11.25,11.50,11.25,11.38,240000,2.82
1997-04-09,11.25,11.50,11.25,11.50,350000,2.85
1997-04-08,11.38,11.38,11.13,11.38,481200,2.82
1997-04-07,11.25,11.50,11.13,11.13,392400,2.75
1997-04-04,10.25,11.25,10.25,11.25,631200,2.78
1997-04-03,10.00,10.75,9.88,10.50,1006800,2.60
1997-04-02,9.88,10.00,9.63,9.75,723200,2.41
1997-04-01,9.63,9.88,9.63,9.75,995600,2.41
1997-03-31,10.13,10.13,9.63,9.88,851200,2.44
1997-03-27,9.88,10.13,9.88,10.00,525200,2.47
1997-03-26,10.13,10.13,9.88,10.00,1123200,2.47
1997-03-25,10.75,10.75,9.88,10.13,999200,2.51
1997-03-24,11.00,11.13,10.50,10.75,530000,2.66
1997-03-21,10.75,11.13,10.75,11.00,686800,2.72
1997-03-20,10.88,11.25,10.75,11.00,545600,2.72
1997-03-19,11.50,11.50,10.75,11.13,958800,2.75
1997-03-18,11.63,11.88,11.50,11.50,645600,2.85
1997-03-17,12.00,12.00,11.63,11.63,763200,2.88
1997-03-14,12.13,12.25,11.75,12.00,490800,2.97
1997-03-13,11.88,12.13,11.75,11.88,202400,2.94
1997-03-12,12.63,12.63,12.00,12.00,282400,2.97
1997-03-11,12.50,12.63,12.13,12.63,348800,3.12
1997-03-10,12.00,12.50,11.75,12.50,363600,3.09
1997-03-07,12.13,12.38,11.75,11.75,477600,2.91
1997-03-06,12.75,12.75,11.88,12.38,676400,3.06
1997-03-05,12.13,13.00,12.00,12.75,888800,3.15
1997-03-04,12.38,12.63,11.75,12.00,840000,2.97
1997-03-03,13.25,13.25,12.38,12.50,391200,3.09
1997-02-28,13.25,13.50,13.00,13.25,858800,3.28
1997-02-27,13.13,13.88,13.00,13.25,2400000,3.28
1997-02-26,12.75,12.75,12.50,12.63,802000,3.12
1997-02-25,12.50,12.75,12.50,12.63,1012000,3.12
1997-02-24,12.13,12.75,12.13,12.50,716400,3.09
1997-02-21,12.38,12.50,12.00,12.25,733200,3.03
1997-02-20,11.75,12.50,11.75,12.38,623600,3.06
1997-02-19,11.75,12.00,11.50,12.00,928800,2.97
1997-02-18,11.50,11.75,11.50,11.75,240800,2.91
1997-02-14,11.75,11.75,11.13,11.38,822400,2.82
1997-02-13,12.25,12.25,11.50,11.75,402400,2.91
1997-02-12,12.25,12.50,12.00,12.00,644400,2.97
1997-02-11,12.75,12.88,12.25,12.25,574400,3.03
1997-02-10,12.75,13.13,12.75,12.75,1821200,3.15
1997-02-07,13.00,13.38,12.75,13.00,1031200,3.22
1997-02-06,12.88,13.38,12.63,13.13,2285600,3.25
1997-02-05,12.75,13.13,12.63,12.75,1874400,3.15
1997-02-04,11.88,13.00,11.88,12.88,1818000,3.19
1997-02-03,11.75,12.13,11.75,12.13,381200,3.00
1997-01-31,11.75,12.00,11.50,12.00,1485200,2.97
1997-01-30,11.75,12.00,11.50,11.75,339200,2.91
1997-01-29,11.88,11.88,11.50,11.50,346800,2.85
1997-01-28,12.00,12.00,11.50,11.88,448000,2.94
1997-01-27,11.25,12.00,11.25,11.63,368800,2.88
1997-01-24,11.50,11.63,11.00,11.50,820800,2.85
1997-01-23,12.13,12.50,11.50,11.50,1521200,2.85
1997-01-22,12.13,13.38,11.75,12.00,7547600,2.97
1997-01-21,10.63,12.00,10.38,11.75,1950000,2.91
1997-01-20,11.00,11.00,10.63,10.63,255600,2.63
1997-01-17,10.75,11.38,10.50,10.94,701200,2.71
1997-01-16,10.63,10.88,10.25,10.75,713600,2.66
1997-01-15,11.38,11.38,10.63,10.75,904400,2.66
1997-01-14,11.63,11.63,11.13,11.38,1295200,2.82
1997-01-13,11.50,11.63,11.00,11.63,936400,2.88
1997-01-10,10.50,11.50,10.13,11.38,1405200,2.82
1997-01-09,9.38,10.88,9.25,10.50,1983600,2.60
1997-01-08,9.13,9.50,9.00,9.38,1505200,2.32
1997-01-07,8.88,9.25,8.88,9.25,853200,2.29
1997-01-06,9.25,9.25,8.88,8.88,1315600,2.20
1997-01-03,9.13,9.38,9.00,9.25,962000,2.29
1997-01-02,9.50,9.75,9.00,9.38,1267600,2.32
1996-12-31,11.00,11.13,8.75,9.75,6625600,2.41
1996-12-30,11.88,12.00,11.13,11.25,936400,2.78
1996-12-27,11.63,12.13,11.63,12.00,268000,2.97
1996-12-26,11.50,11.88,11.50,11.86,524400,2.93
1996-12-24,11.25,11.75,11.25,11.75,602000,2.91
1996-12-23,12.00,12.38,11.25,11.25,561200,2.78
1996-12-20,12.38,12.50,11.88,12.25,800000,3.03
1996-12-19,12.25,12.88,12.25,12.25,457600,3.03
1996-12-18,12.50,12.63,12.25,12.38,506400,3.06
1996-12-17,11.88,12.38,11.75,12.25,567600,3.03
1996-12-16,12.88,13.38,11.88,12.00,631200,2.97
1996-12-13,13.50,13.50,12.88,13.00,529200,3.22
1996-12-12,13.63,13.75,13.13,13.25,460000,3.28
1996-12-11,13.75,14.00,13.38,13.38,486400,3.31
1996-12-10,14.00,14.25,13.75,13.94,490000,3.45
1996-12-09,14.25,14.38,14.00,14.00,713200,3.46
1996-12-06,13.75,14.13,13.50,13.75,649200,3.40
1996-12-05,14.38,14.63,14.00,14.00,848800,3.46
1996-12-04,14.38,14.50,13.88,14.50,1246800,3.59
1996-12-03,13.38,14.50,13.38,14.25,1974400,3.53
1996-12-02,13.75,13.75,13.13,13.63,850000,3.37
1996-11-29,13.50,13.75,13.50,13.75,80800,3.40
1996-11-27,13.75,13.75,13.50,13.69,393200,3.39
1996-11-26,14.13,14.13,13.38,13.75,1048800,3.40
1996-11-25,14.00,14.13,13.88,13.88,1114400,3.43
1996-11-22,13.88,14.13,13.63,14.00,862400,3.46
1996-11-21,13.63,13.88,13.38,13.75,980000,3.40
1996-11-20,13.75,13.88,13.25,13.25,432000,3.28
1996-11-19,13.38,13.75,13.38,13.75,562400,3.40
1996-11-18,13.25,13.75,12.88,13.50,445200,3.34
1996-11-15,12.88,13.50,12.88,13.25,440000,3.28
1996-11-14,13.25,13.25,12.88,12.88,468000,3.19
1996-11-13,13.38,13.38,12.75,12.88,408800,3.19
1996-11-12,13.38,13.75,13.13,13.38,491200,3.31
1996-11-11,13.13,13.38,13.06,13.13,545600,3.25
1996-11-08,13.63,13.88,12.88,13.11,938800,3.24
1996-11-07,13.63,14.13,13.50,13.50,1282400,3.34
1996-11-06,14.50,14.63,13.50,13.50,803600,3.34
1996-11-05,13.75,14.38,13.50,14.38,1197600,3.56
1996-11-04,13.00,14.00,12.75,13.75,1052400,3.40
1996-11-01,13.25,13.38,12.63,13.25,431200,3.28
1996-10-31,13.50,13.50,13.00,13.25,390000,3.28
1996-10-30,13.50,13.50,12.88,13.00,212000,3.22
1996-10-29,13.38,13.63,13.25,13.50,418800,3.34
1996-10-28,13.50,13.63,13.13,13.25,513600,3.28
1996-10-25,13.38,13.38,13.00,13.38,612000,3.31
1996-10-24,13.75,13.75,13.00,13.38,546400,3.31
1996-10-23,12.63,13.13,12.38,13.00,3268800,3.22
1996-10-22,13.02,13.13,12.63,12.63,660800,3.12
1996-10-21,13.25,13.75,13.25,13.39,521200,3.31
1996-10-18,13.50,13.63,13.13,13.38,375600,3.31
1996-10-17,14.75,14.75,13.50,13.50,886800,3.34
1996-10-16,15.13,15.38,14.50,14.63,1323200,3.62
1996-10-15,14.75,15.13,14.63,15.00,1280000,3.71
1996-10-14,14.50,14.75,14.50,14.75,252000,3.65
1996-10-11,14.63,14.75,14.25,14.50,453200,3.59
1996-10-10,14.50,14.88,14.00,14.63,618000,3.62
1996-10-09,15.13,15.25,13.88,14.50,1064800,3.59
1996-10-08,15.00,15.38,14.50,14.50,1209200,3.59
1996-10-07,15.50,15.50,15.00,15.25,382400,3.77
1996-10-04,15.50,15.63,15.25,15.50,453200,3.83
1996-10-03,15.75,15.75,15.13,15.25,331200,3.77
1996-10-02,15.75,16.00,15.25,15.50,728800,3.83
1996-10-01,16.06,16.12,15.50,15.88,1899200,3.93
1996-09-30,16.12,16.25,15.50,15.88,850800,3.93
1996-09-27,16.00,16.25,15.75,16.00,1448000,3.96
1996-09-26,15.13,16.00,15.00,15.50,2526800,3.83
1996-09-25,14.38,15.00,14.00,15.00,1778800,3.71
1996-09-24,14.75,14.75,14.00,14.00,605600,3.46
1996-09-23,14.50,14.75,14.38,14.50,460800,3.59
1996-09-20,14.88,14.88,14.50,14.75,862000,3.65
1996-09-19,14.25,14.50,13.88,14.25,642400,3.53
1996-09-18,14.13,14.25,13.75,14.25,870000,3.53
1996-09-17,14.13,14.25,13.50,14.00,1372400,3.46
1996-09-16,14.75,15.13,13.25,13.38,2464400,3.31
1996-09-13,12.88,14.38,12.50,14.25,2900000,3.53
1996-09-12,11.38,12.50,11.38,12.31,1286400,3.05
1996-09-11,11.63,11.63,11.38,11.50,436400,2.85
1996-09-10,11.88,11.88,11.38,11.50,319200,2.85
1996-09-09,11.75,12.00,11.50,11.88,228800,2.94
1996-09-06,11.38,12.00,11.38,11.75,260000,2.91
1996-09-05,11.75,11.75,11.38,11.38,165200,2.82
1996-09-04,11.50,11.88,11.38,11.88,420000,2.94
1996-09-03,11.50,11.75,11.13,11.38,498800,2.82
1996-08-30,11.75,11.88,11.50,11.63,232000,2.88
1996-08-29,11.63,12.00,11.38,11.50,500000,2.85
1996-08-28,11.88,12.13,11.50,11.63,405200,2.88
1996-08-27,11.50,12.00,11.00,11.88,716800,2.94
1996-08-26,11.88,11.88,11.25,11.50,272000,2.85
1996-08-23,12.00,12.00,11.50,11.75,271200,2.91
1996-08-22,11.25,12.00,11.25,11.88,589200,2.94
1996-08-21,11.50,11.50,11.13,11.25,222000,2.78
1996-08-20,11.63,11.63,11.25,11.25,132400,2.78
1996-08-19,11.63,11.63,11.25,11.38,93600,2.82
1996-08-16,11.38,11.75,11.38,11.50,720000,2.85
1996-08-15,11.63,11.88,11.25,11.63,673200,2.88
1996-08-14,11.63,11.88,11.63,11.63,211200,2.88
1996-08-13,12.00,12.13,11.63,11.75,444400,2.91
1996-08-12,11.88,12.38,11.88,12.00,327600,2.97
1996-08-09,12.25,12.38,11.88,12.00,599200,2.97
1996-08-08,12.00,12.38,11.50,12.38,1709200,3.06
1996-08-07,11.25,11.88,11.00,11.50,732000,2.85
1996-08-06,11.25,11.25,10.88,11.00,285200,2.72
1996-08-05,11.13,11.63,11.00,11.13,371200,2.75
1996-08-02,11.63,11.63,11.13,11.25,678000,2.78
1996-08-01,11.63,11.63,11.13,11.13,240800,2.75
1996-07-31,11.00,11.63,11.00,11.63,694400,2.88
1996-07-30,11.13,11.50,10.50,11.25,656400,2.78
1996-07-29,12.00,12.00,10.88,11.00,193200,2.72
1996-07-26,11.13,12.00,11.00,12.00,573600,2.97
1996-07-25,11.50,11.50,10.75,11.00,410800,2.72
1996-07-24,10.00,11.38,10.00,11.00,884400,2.72
1996-07-23,10.75,10.75,10.25,10.25,376800,2.54
1996-07-22,10.88,10.88,10.25,10.25,210000,2.54
1996-07-19,11.13,11.13,10.50,10.63,214400,2.63
1996-07-18,11.00,11.13,10.25,11.13,600000,2.75
1996-07-17,10.38,11.25,10.13,10.75,809200,2.66
1996-07-16,11.00,11.38,9.63,10.13,1162000,2.51
1996-07-15,11.75,11.75,10.88,11.38,367600,2.82
1996-07-12,11.25,11.75,11.00,11.75,356800,2.91
1996-07-11,11.38,11.50,10.75,10.88,290000,2.69
1996-07-10,12.25,12.25,11.13,11.38,568000,2.82
1996-07-09,12.63,12.75,12.00,12.13,578000,3.00
1996-07-08,12.50,13.00,12.25,12.63,355600,3.12
1996-07-05,12.63,12.63,12.25,12.63,52000,3.12
1996-07-03,13.25,13.25,12.50,12.50,1290800,3.09
1996-07-02,13.13,13.25,12.50,12.88,698800,3.19
1996-07-01,12.63,13.38,12.38,12.88,728800,3.19
1996-06-28,11.50,12.75,11.38,12.13,1108000,3.00
1996-06-27,10.88,11.50,10.63,11.25,1802400,2.78
1996-06-26,11.75,11.75,10.63,11.00,894800,2.72
1996-06-25,12.13,12.13,11.25,11.50,568000,2.85
1996-06-24,12.50,12.50,11.88,11.88,336400,2.94
1996-06-21,12.00,12.63,12.00,12.38,841200,3.06
1996-06-20,12.25,12.25,10.88,12.00,1056400,2.97
1996-06-19,12.63,12.75,12.00,12.00,712000,2.97
1996-06-18,12.75,13.13,12.63,12.63,353200,3.12
1996-06-17,13.50,13.50,12.88,13.00,336400,3.22
1996-06-14,13.63,13.63,13.13,13.50,320800,3.34
1996-06-13,13.75,13.88,13.13,13.13,525200,3.25
1996-06-12,13.75,14.00,13.38,13.75,960000,3.40
1996-06-11,13.75,13.88,13.50,13.75,430000,3.40
1996-06-10,13.38,13.88,13.25,13.63,532000,3.37
1996-06-07,13.13,13.75,12.75,13.13,1640000,3.25
1996-06-06,14.25,14.25,13.75,14.00,604400,3.46
1996-06-05,14.63,14.63,14.00,14.00,744400,3.46
1996-06-04,14.75,15.13,14.38,14.38,603200,3.56
1996-06-03,14.88,15.13,14.75,15.00,265200,3.71
1996-05-31,14.63,15.13,14.50,15.00,660000,3.71
1996-05-30,14.50,15.13,14.25,15.13,897600,3.74
1996-05-29,15.50,15.50,14.00,14.50,1156400,3.59
1996-05-28,16.75,16.75,14.88,15.25,1475200,3.77
1996-05-24,16.75,17.00,16.25,16.75,913200,4.14
1996-05-23,16.50,17.00,16.25,16.50,1444400,4.08
1996-05-22,15.75,16.50,15.75,16.25,3513600,4.02
1996-05-21,15.88,16.25,15.50,15.75,2058800,3.90
1996-05-20,15.75,16.25,15.50,16.00,1694400,3.96
1996-05-17,15.13,15.75,14.88,15.63,1118800,3.87
1996-05-16,15.13,15.50,14.75,14.88,905600,3.68
1996-05-15,14.25,15.50,14.13,15.13,2573200,3.74
1996-05-14,14.00,14.50,13.75,14.25,578000,3.53
1996-05-13,14.25,14.50,13.75,14.38,585200,3.56
1996-05-10,13.98,14.25,13.75,14.25,508800,3.53
1996-05-09,14.00,14.00,13.50,13.63,283600,3.37
1996-05-08,14.50,14.50,12.88,13.75,873600,3.40
1996-05-07,14.00,14.75,13.75,14.25,779200,3.53
1996-05-06,15.25,15.25,13.25,13.88,2076800,3.43
1996-05-03,15.25,16.00,14.75,16.00,733600,3.96
1996-05-02,15.50,16.00,15.00,15.00,612000,3.71
1996-05-01,14.88,15.63,14.63,15.50,675600,3.83
1996-04-30,15.00,15.00,14.50,14.88,320800,3.68
1996-04-29,14.50,15.25,14.00,15.00,610000,3.71
1996-04-26,14.50,14.50,14.00,14.38,926400,3.56
1996-04-25,13.50,14.25,13.00,14.00,1460800,3.46
1996-04-24,13.25,13.88,13.25,13.38,492400,3.31
1996-04-23,14.00,14.00,12.88,13.00,417600,3.22
1996-04-22,13.50,14.25,13.50,14.00,152400,3.46
1996-04-19,14.00,14.25,13.50,13.75,202000,3.40
1996-04-18,12.75,15.00,12.75,13.50,1204800,3.34
1996-04-17,13.00,13.00,12.25,12.50,469200,3.09
1996-04-16,13.00,13.00,12.25,13.00,153200,3.22
1996-04-15,13.00,13.00,12.75,12.88,153600,3.19
1996-04-12,13.00,13.25,12.75,13.00,248800,3.22
1996-04-11,13.25,13.25,12.75,13.00,203200,3.22
1996-04-10,13.25,13.25,12.75,12.88,333600,3.19
1996-04-09,13.25,13.25,12.75,12.75,93600,3.15
1996-04-08,13.25,13.25,12.25,13.25,378000,3.28
1996-04-04,13.00,13.25,13.00,13.25,175600,3.28
1996-04-03,13.00,13.25,13.00,13.25,213200,3.28
1996-04-02,13.00,13.75,12.88,13.25,687600,3.28
1996-04-01,13.00,13.00,12.75,13.00,148000,3.22
1996-03-29,12.50,13.00,12.50,13.00,121200,3.22
1996-03-28,12.50,13.00,12.50,13.00,93200,3.22
1996-03-27,13.00,13.00,12.50,12.75,148000,3.15
1996-03-26,13.00,13.00,12.75,12.75,178000,3.15
1996-03-25,13.00,13.00,12.63,13.00,245600,3.22
1996-03-22,13.25,13.25,12.50,13.13,263200,3.25
1996-03-21,13.25,13.25,13.00,13.00,170000,3.22
1996-03-20,13.75,14.00,13.00,13.13,408800,3.25
1996-03-19,14.00,14.00,13.50,13.63,378800,3.37
1996-03-18,13.50,14.00,13.50,13.75,147600,3.40
1996-03-15,14.00,14.00,13.50,14.00,559200,3.46
1996-03-14,13.75,14.00,13.50,13.75,318800,3.40
1996-03-13,14.25,14.25,13.50,13.50,582000,3.34
1996-03-12,14.25,14.25,13.75,14.00,172400,3.46
1996-03-11,13.25,14.75,13.00,14.00,941200,3.46
1996-03-08,12.50,13.25,12.00,13.25,855600,3.28
1996-03-07,13.75,13.75,12.25,12.50,1609200,3.09
1996-03-06,13.75,13.75,13.50,13.50,458800,3.34
1996-03-05,14.63,14.63,13.75,13.75,1177600,3.40
1996-03-04,14.25,14.75,14.00,14.63,1902000,3.62
1996-03-01,14.00,14.00,13.63,13.88,430000,3.43
1996-02-29,14.00,14.00,13.75,14.00,1026400,3.46
1996-02-28,15.00,15.00,13.75,13.75,662000,3.40
1996-02-27,15.25,15.25,14.75,14.88,521200,3.68
1996-02-26,16.25,16.25,14.75,15.25,858800,3.77
1996-02-23,16.25,16.50,15.75,16.00,402400,3.96
1996-02-22,16.25,16.50,16.25,16.37,171200,4.05
1996-02-21,16.25,16.75,16.25,16.25,542000,4.02
1996-02-20,16.50,16.75,16.25,16.75,206400,4.14
1996-02-16,16.75,16.75,16.25,16.62,243200,4.11
1996-02-15,16.50,17.00,16.00,16.50,583200,4.08
1996-02-14,17.25,17.25,15.75,16.25,453200,4.02
1996-02-13,17.00,17.50,17.00,17.25,600000,4.27
1996-02-12,18.50,18.50,17.50,18.00,112400,4.45
1996-02-09,19.50,19.50,18.00,18.00,255600,4.45
1996-02-08,19.50,19.75,19.00,19.00,592000,4.70
1996-02-07,20.25,20.25,19.50,19.75,455600,4.89
1996-02-06,20.25,20.50,19.75,19.75,180800,4.89
1996-02-05,20.50,20.50,19.75,19.75,392400,4.89
1996-02-02,20.75,20.75,20.25,20.25,248000,5.01
1996-02-01,19.25,20.75,19.25,20.75,578800,5.13
1996-01-31,20.00,20.25,19.25,19.25,209200,4.76
1996-01-30,18.25,19.75,18.00,19.25,166800,4.76
1996-01-29,18.00,18.25,17.75,18.00,163200,4.45
1996-01-26,18.37,18.37,17.50,18.00,476800,4.45
1996-01-25,19.25,19.75,18.25,18.25,500800,4.52
1996-01-24,21.00,21.25,17.50,19.75,1972400,4.89
1996-01-23,21.00,21.50,21.00,21.25,671200,5.26
1996-01-22,21.50,21.50,21.00,21.00,395200,5.20
1996-01-19,20.00,21.75,19.50,21.50,681200,5.32
1996-01-18,17.50,20.00,17.50,19.50,1172400,4.82
1996-01-17,16.00,17.50,16.00,17.25,656400,4.27
1996-01-16,14.88,17.00,14.75,15.75,718800,3.90
1996-01-15,15.25,15.25,14.75,15.25,205200,3.77
1996-01-12,15.25,15.50,14.75,15.25,650000,3.77
1996-01-11,14.50,15.25,14.25,15.25,338800,3.77
1996-01-10,14.25,14.75,13.75,14.25,493600,3.53
1996-01-09,14.50,15.00,14.25,14.63,814400,3.62
1996-01-08,14.75,15.25,14.50,14.75,52000,3.65
1996-01-05,14.25,15.00,14.00,14.75,377600,3.65
1996-01-04,15.25,15.50,13.88,14.75,736400,3.65
1996-01-03,15.88,16.12,15.00,15.00,365200,3.71
1996-01-02,14.75,16.00,14.75,16.00,130000,3.96
1995-12-29,15.00,15.38,14.00,15.00,1019200,3.71
1995-12-28,15.75,16.37,13.50,15.00,2082400,3.71
1995-12-27,16.75,17.50,15.75,15.75,349200,3.90
1995-12-26,16.25,17.25,16.25,16.50,165600,4.08
1995-12-22,16.25,17.00,16.25,16.50,96800,4.08
1995-12-21,17.00,17.25,16.25,16.75,281200,4.14
1995-12-20,17.00,17.75,16.25,16.50,999200,4.08
1995-12-19,15.38,16.75,15.13,16.00,701200,3.96
1995-12-18,17.62,18.00,15.13,15.13,540000,3.74
1995-12-15,19.00,19.00,17.50,17.98,488000,4.45
1995-12-14,20.25,21.00,17.87,19.00,906800,4.70
1995-12-13,20.50,21.00,19.50,20.25,335200,5.01
1995-12-12,21.25,21.50,20.50,20.50,485200,5.07
1995-12-11,21.00,22.25,20.50,21.25,370000,5.26
1995-12-08,20.50,21.00,20.00,20.50,215600,5.07
1995-12-07,20.00,20.75,19.75,20.00,266800,4.95
1995-12-06,21.75,21.75,20.50,21.00,516400,5.20
1995-12-05,21.12,22.25,21.00,21.50,591200,5.32
1995-12-04,23.50,23.50,21.87,21.87,893600,5.41
1995-12-01,22.50,23.50,22.25,23.50,295200,5.81
1995-11-30,23.75,24.00,21.12,22.25,563200,5.50
1995-11-29,23.62,25.00,23.25,23.50,725600,5.81
1995-11-28,22.37,23.00,21.62,23.00,468000,5.69
1995-11-27,22.75,23.00,21.50,22.75,447600,5.63
1995-11-24,22.00,22.75,21.25,22.75,291200,5.63
1995-11-22,19.75,23.00,19.75,21.50,764800,5.32
1995-11-21,21.50,21.75,19.25,19.75,1595200,4.89
1995-11-20,23.00,23.00,21.62,22.12,366400,5.47
1995-11-17,24.12,24.75,22.25,23.00,591200,5.69
1995-11-16,24.25,25.50,24.25,24.37,658800,6.03
1995-11-15,22.62,24.62,21.75,24.50,1446800,6.06
1995-11-14,25.25,25.50,21.75,23.00,1889200,5.69
1995-11-13,26.75,28.37,25.50,25.75,1911200,6.37
1995-11-10,30.00,31.00,27.50,28.00,6666400,6.93
1995-11-09,17.50,28.75,17.25,25.87,7020800,6.40
1995-11-08,17.25,18.75,16.50,16.75,16049200,4.14
