Date,Open,High,Low,Close,Volume,Adj Close
2014-02-13,1.04,1.04,1.00,1.01,14000,1.01
2014-02-12,1.01,1.04,1.01,1.04,24000,1.04
2014-02-11,1.00,1.00,1.00,1.00,000,1.00
2014-02-10,1.00,1.00,1.00,1.00,000,1.00
2014-02-07,0.97,1.00,0.97,1.00,14000,1.00
2014-02-06,1.02,1.04,0.97,1.00,66000,1.00
2014-02-05,1.02,1.02,1.02,1.02,000,1.02
2014-02-04,1.03,1.04,0.98,1.02,28000,1.02
2014-02-03,1.01,1.05,1.00,1.03,96000,1.03
2014-01-31,1.01,1.05,0.97,1.00,136000,1.00
2014-01-30,1.00,1.01,0.99,1.01,82000,1.01
2014-01-29,1.01,1.01,1.01,1.01,4000,1.01
2014-01-28,1.00,1.00,1.00,1.00,6000,1.00
2014-01-27,1.00,1.02,1.00,1.00,30000,1.00
2014-01-24,0.01,0.01,0.01,0.01,000,0.01
2014-01-23,0.01,0.01,0.01,0.01,000,0.01
2014-01-22,0.01,0.01,0.01,0.01,000,0.01
2014-01-21,0.01,0.01,0.01,0.01,000,0.01
2014-01-20,0.01,0.01,0.01,0.01,000,0.01
2014-01-17,0.01,0.01,0.01,0.01,000,0.01
2014-01-16,0.01,0.01,0.01,0.01,000,0.01
2014-01-15,0.01,0.01,0.01,0.01,000,0.01
2014-01-14,0.01,0.01,0.01,0.01,000,0.01
2014-01-13,0.01,0.01,0.01,0.01,000,0.01
2014-01-10,0.01,0.01,0.01,0.01,2000,0.01
2014-01-09,0.01,0.01,0.01,0.01,000,0.01
2014-01-08,0.01,0.01,0.01,0.01,000,0.01
2014-01-07,0.01,0.01,0.01,0.01,000,0.01
2014-01-06,0.01,0.01,0.01,0.01,000,0.01
2014-01-03,0.01,0.01,0.01,0.01,000,0.01
2014-01-02,0.01,0.01,0.01,0.01,000,0.01
2014-01-01,0.01,0.01,0.01,0.01,000,0.01
2013-12-31,0.01,0.01,0.01,0.01,000,0.01
2013-12-30,0.01,0.01,0.01,0.01,000,0.01
2013-12-27,0.01,0.01,0.01,0.01,000,0.01
2013-12-26,0.01,0.01,0.01,0.01,000,0.01
2013-12-25,0.01,0.01,0.01,0.01,000,0.01
2013-12-24,0.01,0.01,0.01,0.01,000,0.01
2013-12-23,0.01,0.01,0.01,0.01,000,0.01
2013-12-20,0.01,0.01,0.01,0.01,000,0.01
2013-12-19,0.01,0.01,0.01,0.01,000,0.01
2013-12-18,0.01,0.01,0.01,0.01,000,0.01
2013-12-17,0.01,0.01,0.01,0.01,000,0.01
2013-12-16,0.01,0.01,0.01,0.01,000,0.01
2013-12-13,0.01,0.01,0.01,0.01,5000,0.01
2013-12-12,0.01,0.01,0.01,0.01,000,0.01
2013-12-11,0.01,0.01,0.01,0.01,000,0.01
2013-12-10,0.01,0.01,0.01,0.01,000,0.01
2013-12-09,0.01,0.01,0.01,0.01,000,0.01
2013-12-06,0.01,0.01,0.01,0.01,000,0.01
2013-12-05,0.01,0.01,0.01,0.01,2000,0.01
2013-12-04,0.01,0.01,0.01,0.01,1000,0.01
2013-12-03,0.01,0.01,0.01,0.01,000,0.01
2013-12-02,0.01,0.01,0.01,0.01,3000,0.01
2013-11-29,0.01,0.01,0.01,0.01,000,0.01
2013-11-28,0.01,0.01,0.01,0.01,000,0.01
2013-11-27,0.01,0.01,0.01,0.01,000,0.01
2013-11-26,0.01,0.01,0.01,0.01,000,0.01
2013-11-25,0.01,0.01,0.01,0.01,000,0.01
2013-11-22,0.01,0.01,0.01,0.01,000,0.01
2013-11-21,0.01,0.01,0.01,0.01,000,0.01
2013-11-20,0.01,0.01,0.01,0.01,000,0.01
2013-11-19,0.01,0.01,0.01,0.01,000,0.01
2013-11-18,0.01,0.01,0.01,0.01,000,0.01
2013-11-15,0.01,0.01,0.01,0.01,000,0.01
2013-11-14,0.01,0.01,0.01,0.01,000,0.01
2013-11-13,0.01,0.01,0.01,0.01,000,0.01
2013-11-12,0.01,0.01,0.01,0.01,000,0.01
2013-11-11,0.01,0.01,0.01,0.01,000,0.01
2013-11-08,0.01,0.01,0.01,0.01,000,0.01
2013-11-07,0.01,0.01,0.01,0.01,000,0.01
2013-11-06,0.01,0.01,0.01,0.01,000,0.01
2013-11-05,0.01,0.01,0.01,0.01,000,0.01
2013-11-04,0.01,0.01,0.01,0.01,000,0.01
2013-11-01,0.01,0.01,0.01,0.01,000,0.01
2013-10-31,0.01,0.01,0.01,0.01,000,0.01
2013-10-30,0.01,0.01,0.01,0.01,000,0.01
2013-10-29,0.01,0.01,0.01,0.01,000,0.01
2013-10-28,0.01,0.01,0.01,0.01,000,0.01
2013-10-25,0.01,0.01,0.01,0.01,000,0.01
2013-10-24,0.01,0.01,0.01,0.01,000,0.01
2013-10-23,0.01,0.01,0.01,0.01,000,0.01
2013-10-22,0.01,0.01,0.01,0.01,000,0.01
2013-10-21,0.01,0.01,0.01,0.01,000,0.01
2013-10-18,0.01,0.01,0.01,0.01,000,0.01
2013-10-17,0.01,0.01,0.01,0.01,000,0.01
2013-10-16,0.01,0.01,0.01,0.01,000,0.01
2013-10-15,0.01,0.01,0.01,0.01,000,0.01
2013-10-14,0.01,0.01,0.01,0.01,000,0.01
2013-10-11,0.01,0.01,0.01,0.01,000,0.01
2013-10-10,0.01,0.01,0.01,0.01,000,0.01
2013-10-09,0.01,0.01,0.01,0.01,000,0.01
2013-10-08,0.01,0.01,0.01,0.01,000,0.01
2013-10-07,0.01,0.01,0.01,0.01,000,0.01
2013-10-04,0.01,0.01,0.01,0.01,000,0.01
2013-10-03,0.01,0.01,0.01,0.01,000,0.01
2013-10-02,0.01,0.01,0.01,0.01,000,0.01
2013-10-01,0.01,0.01,0.01,0.01,000,0.01
2013-09-30,0.01,0.01,0.01,0.01,000,0.01
2013-09-27,0.01,0.01,0.01,0.01,000,0.01
2013-09-26,0.01,0.01,0.01,0.01,000,0.01
2013-09-25,0.01,0.01,0.01,0.01,000,0.01
2013-09-24,0.01,0.01,0.01,0.01,000,0.01
2013-09-23,0.01,0.01,0.01,0.01,000,0.01
2013-09-20,0.01,0.01,0.01,0.01,000,0.01
2013-09-19,0.01,0.01,0.01,0.01,000,0.01
2013-09-18,0.01,0.01,0.01,0.01,000,0.01
2013-09-17,0.01,0.01,0.01,0.01,000,0.01
2013-09-16,0.01,0.01,0.01,0.01,000,0.01
2013-09-13,0.01,0.01,0.01,0.01,000,0.01
2013-09-12,0.01,0.01,0.01,0.01,30000,0.01
2013-09-11,0.01,0.01,0.01,0.01,000,0.01
2013-09-10,0.01,0.01,0.01,0.01,000,0.01
2013-09-09,0.01,0.01,0.01,0.01,000,0.01
2013-09-06,0.01,0.01,0.01,0.01,000,0.01
2013-09-05,0.01,0.01,0.01,0.01,000,0.01
2013-09-04,0.01,0.01,0.01,0.01,000,0.01
2013-09-03,0.01,0.01,0.01,0.01,000,0.01
2013-09-02,0.01,0.01,0.01,0.01,000,0.01
2013-08-30,0.01,0.01,0.01,0.01,000,0.01
2013-08-29,0.01,0.01,0.01,0.01,000,0.01
2013-08-28,0.01,0.01,0.01,0.01,000,0.01
2013-08-27,0.01,0.01,0.01,0.01,000,0.01
2013-08-26,0.01,0.01,0.01,0.01,000,0.01
2013-08-23,0.01,0.01,0.01,0.01,000,0.01
2013-08-22,0.01,0.01,0.01,0.01,000,0.01
2013-08-21,0.01,0.01,0.01,0.01,000,0.01
2013-08-20,0.01,0.01,0.01,0.01,000,0.01
2013-08-19,0.01,0.01,0.01,0.01,000,0.01
2013-08-16,0.01,0.01,0.01,0.01,000,0.01
2013-08-15,0.01,0.01,0.01,0.01,000,0.01
2013-08-14,0.01,0.01,0.01,0.01,000,0.01
2013-08-13,0.01,0.01,0.01,0.01,50000,0.01
2013-08-12,0.01,0.01,0.01,0.01,000,0.01
2013-08-09,0.01,0.01,0.01,0.01,000,0.01
2013-08-08,0.01,0.01,0.01,0.01,000,0.01
2013-08-07,0.01,0.01,0.01,0.01,000,0.01
2013-08-06,0.01,0.01,0.01,0.01,000,0.01
2013-08-05,0.01,0.01,0.01,0.01,000,0.01
2013-08-02,0.01,0.01,0.01,0.01,000,0.01
2013-08-01,0.01,0.01,0.01,0.01,000,0.01
2013-07-31,0.01,0.01,0.01,0.01,000,0.01
2013-07-30,0.01,0.01,0.01,0.01,000,0.01
2013-07-29,0.01,0.01,0.01,0.01,000,0.01
2013-07-26,0.01,0.01,0.01,0.01,000,0.01
2013-07-25,0.01,0.01,0.01,0.01,000,0.01
2013-07-24,0.01,0.01,0.01,0.01,000,0.01
2013-07-23,0.01,0.01,0.01,0.01,000,0.01
2013-07-22,0.01,0.01,0.01,0.01,000,0.01
2013-07-19,0.01,0.01,0.01,0.01,000,0.01
2013-07-18,0.01,0.01,0.01,0.01,000,0.01
2013-07-17,0.01,0.01,0.01,0.01,000,0.01
2013-07-16,0.01,0.01,0.01,0.01,000,0.01
2013-07-15,0.01,0.01,0.01,0.01,000,0.01
2013-07-12,0.01,0.01,0.01,0.01,000,0.01
2013-07-11,0.01,0.01,0.01,0.01,000,0.01
2013-07-10,0.01,0.01,0.01,0.01,000,0.01
2013-07-09,0.01,0.01,0.01,0.01,000,0.01
2013-07-08,0.01,0.01,0.01,0.01,000,0.01
2013-07-05,0.01,0.01,0.01,0.01,000,0.01
2013-07-04,0.01,0.01,0.01,0.01,000,0.01
2013-07-03,0.01,0.01,0.01,0.01,000,0.01
2013-07-02,0.01,0.01,0.01,0.01,000,0.01
2013-07-01,0.01,0.01,0.01,0.01,000,0.01
2013-06-28,0.01,0.01,0.01,0.01,000,0.01
2013-06-27,0.01,0.01,0.01,0.01,000,0.01
2013-06-26,0.01,0.01,0.01,0.01,000,0.01
2013-06-25,0.01,0.01,0.01,0.01,000,0.01
2013-06-24,0.01,0.01,0.01,0.01,000,0.01
2013-06-21,0.01,0.01,0.01,0.01,000,0.01
2013-06-20,0.01,0.01,0.01,0.01,000,0.01
2013-06-19,0.01,0.01,0.01,0.01,1000,0.01
2013-06-18,0.01,0.01,0.01,0.01,000,0.01
2013-06-17,0.01,0.01,0.01,0.01,000,0.01
2013-06-14,0.01,0.01,0.01,0.01,000,0.01
2013-06-13,0.01,0.01,0.01,0.01,000,0.01
2013-06-12,0.01,0.01,0.01,0.01,000,0.01
2013-06-11,0.01,0.01,0.01,0.01,000,0.01
2013-06-10,0.01,0.01,0.01,0.01,000,0.01
2013-06-07,0.01,0.01,0.01,0.01,000,0.01
2013-06-06,0.01,0.01,0.01,0.01,000,0.01
2013-06-05,0.01,0.01,0.01,0.01,000,0.01
2013-06-04,0.01,0.01,0.01,0.01,000,0.01
2013-06-03,0.01,0.01,0.01,0.01,000,0.01
2013-05-31,0.01,0.01,0.01,0.01,000,0.01
2013-05-30,0.01,0.01,0.01,0.01,000,0.01
2013-05-29,0.01,0.01,0.01,0.01,000,0.01
2013-05-28,0.01,0.01,0.01,0.01,000,0.01
2013-05-27,0.01,0.01,0.01,0.01,000,0.01
2013-05-24,0.01,0.01,0.01,0.01,000,0.01
2013-05-23,0.01,0.01,0.01,0.01,000,0.01
2013-05-22,0.01,0.01,0.01,0.01,000,0.01
2013-05-21,0.01,0.01,0.01,0.01,000,0.01
2013-05-20,0.01,0.01,0.01,0.01,000,0.01
2013-05-17,0.01,0.01,0.01,0.01,000,0.01
2013-05-16,0.01,0.01,0.01,0.01,000,0.01
2013-05-15,0.01,0.01,0.01,0.01,000,0.01
2013-05-14,0.01,0.01,0.01,0.01,000,0.01
2013-05-13,0.01,0.01,0.01,0.01,000,0.01
2013-05-10,0.01,0.01,0.01,0.01,000,0.01
2013-05-09,0.01,0.01,0.01,0.01,000,0.01
2013-05-08,0.01,0.01,0.01,0.01,000,0.01
2013-05-07,0.01,0.01,0.01,0.01,000,0.01
2013-05-06,0.01,0.01,0.01,0.01,000,0.01
2013-05-03,0.01,0.01,0.01,0.01,000,0.01
2013-05-02,0.01,0.01,0.01,0.01,000,0.01
2013-05-01,0.01,0.01,0.01,0.01,000,0.01
2013-04-30,0.01,0.01,0.01,0.01,000,0.01
2013-04-29,0.01,0.01,0.01,0.01,1600,0.01
2013-04-26,0.01,0.01,0.01,0.01,000,0.01
2013-04-25,0.01,0.01,0.01,0.01,000,0.01
2013-04-24,0.01,0.01,0.01,0.01,000,0.01
2013-04-23,0.01,0.01,0.01,0.01,000,0.01
2013-04-22,0.01,0.01,0.01,0.01,000,0.01
2013-04-19,0.01,0.01,0.01,0.01,000,0.01
2013-04-18,0.01,0.01,0.01,0.01,000,0.01
2013-04-17,0.01,0.01,0.01,0.01,000,0.01
2013-04-16,0.01,0.01,0.01,0.01,000,0.01
2013-04-15,0.01,0.01,0.01,0.01,000,0.01
2013-04-12,0.01,0.01,0.01,0.01,000,0.01
2013-04-11,0.01,0.01,0.01,0.01,000,0.01
2013-04-10,0.01,0.01,0.01,0.01,000,0.01
2013-04-09,0.01,0.01,0.01,0.01,000,0.01
2013-04-08,0.01,0.01,0.01,0.01,000,0.01
2013-04-05,0.01,0.01,0.01,0.01,000,0.01
2013-04-04,0.01,0.01,0.01,0.01,2000,0.01
2013-04-03,0.02,0.02,0.02,0.02,000,0.02
2013-04-02,0.02,0.02,0.02,0.02,000,0.02
2013-04-01,0.02,0.02,0.02,0.02,000,0.02
2013-03-29,0.02,0.02,0.02,0.02,000,0.02
2013-03-28,0.02,0.02,0.02,0.02,000,0.02
2013-03-27,0.02,0.02,0.02,0.02,000,0.02
2013-03-26,0.02,0.02,0.02,0.02,000,0.02
2013-03-25,0.02,0.02,0.02,0.02,000,0.02
2013-03-22,0.02,0.02,0.02,0.02,000,0.02
2013-03-21,0.02,0.02,0.02,0.02,000,0.02
2013-03-20,0.02,0.02,0.02,0.02,000,0.02
2013-03-19,0.02,0.02,0.02,0.02,000,0.02
2013-03-18,0.02,0.02,0.02,0.02,000,0.02
2013-03-15,0.02,0.02,0.02,0.02,000,0.02
2013-03-14,0.02,0.02,0.02,0.02,000,0.02
2013-03-13,0.02,0.02,0.02,0.02,000,0.02
2013-03-12,0.02,0.02,0.02,0.02,000,0.02
2013-03-11,0.02,0.02,0.02,0.02,000,0.02
2013-03-08,0.02,0.02,0.02,0.02,000,0.02
2013-03-07,0.02,0.02,0.02,0.02,000,0.02
2013-03-06,0.02,0.02,0.02,0.02,000,0.02
2013-03-05,0.02,0.02,0.02,0.02,5000,0.02
2013-03-04,0.08,0.08,0.08,0.08,000,0.08
2013-03-01,0.08,0.08,0.08,0.08,000,0.08
2013-02-28,0.08,0.08,0.08,0.08,000,0.08
2013-02-27,0.08,0.08,0.08,0.08,000,0.08
2013-02-26,0.08,0.08,0.08,0.08,000,0.08
2013-02-25,0.08,0.08,0.08,0.08,000,0.08
2013-02-22,0.08,0.08,0.08,0.08,000,0.08
2013-02-21,0.08,0.08,0.08,0.08,000,0.08
2013-02-20,0.08,0.08,0.08,0.08,000,0.08
2013-02-19,0.08,0.08,0.08,0.08,000,0.08
2013-02-18,0.08,0.08,0.08,0.08,000,0.08
2013-02-15,0.08,0.08,0.08,0.08,000,0.08
2013-02-14,0.08,0.08,0.08,0.08,000,0.08
2013-02-13,0.08,0.08,0.08,0.08,000,0.08
2013-02-12,0.08,0.08,0.08,0.08,000,0.08
2013-02-11,0.08,0.08,0.08,0.08,000,0.08
2013-02-08,0.08,0.08,0.08,0.08,000,0.08
2013-02-07,0.08,0.08,0.08,0.08,000,0.08
2013-02-06,0.08,0.08,0.08,0.08,000,0.08
2013-02-05,0.08,0.08,0.08,0.08,000,0.08
2013-02-04,0.08,0.08,0.08,0.08,000,0.08
2013-02-01,0.08,0.08,0.08,0.08,000,0.08
2013-01-31,0.08,0.08,0.08,0.08,000,0.08
2013-01-30,0.08,0.08,0.08,0.08,000,0.08
2013-01-29,0.08,0.08,0.08,0.08,000,0.08
2013-01-28,0.08,0.08,0.08,0.08,000,0.08
2013-01-25,0.08,0.08,0.08,0.08,000,0.08
2013-01-24,0.08,0.08,0.08,0.08,000,0.08
2013-01-23,0.08,0.08,0.08,0.08,000,0.08
2013-01-22,0.08,0.08,0.08,0.08,000,0.08
2013-01-21,0.08,0.08,0.08,0.08,000,0.08
2013-01-18,0.08,0.08,0.08,0.08,000,0.08
2013-01-17,0.08,0.08,0.08,0.08,000,0.08
2013-01-16,0.08,0.08,0.08,0.08,000,0.08
2013-01-15,0.08,0.08,0.08,0.08,000,0.08
2013-01-14,0.05,0.08,0.05,0.08,10000,0.08
2013-01-11,0.05,0.05,0.05,0.05,000,0.05
2013-01-10,0.05,0.05,0.05,0.05,000,0.05
2013-01-09,0.05,0.05,0.05,0.05,000,0.05
2013-01-08,0.05,0.05,0.05,0.05,000,0.05
2013-01-07,0.05,0.05,0.05,0.05,000,0.05
2013-01-04,0.05,0.05,0.05,0.05,000,0.05
2013-01-03,0.05,0.05,0.05,0.05,000,0.05
2013-01-02,0.05,0.05,0.05,0.05,000,0.05
2013-01-01,0.05,0.05,0.05,0.05,000,0.05
2012-12-31,0.05,0.05,0.05,0.05,000,0.05
2012-12-28,0.05,0.05,0.05,0.05,000,0.05
2012-12-27,0.05,0.05,0.05,0.05,000,0.05
2012-12-26,0.05,0.05,0.05,0.05,000,0.05
2012-12-25,0.05,0.05,0.05,0.05,000,0.05
2012-12-24,0.05,0.05,0.05,0.05,000,0.05
2012-12-21,0.05,0.05,0.05,0.05,000,0.05
2012-12-20,0.05,0.05,0.05,0.05,000,0.05
2012-12-19,0.05,0.05,0.05,0.05,000,0.05
2012-12-18,0.05,0.05,0.05,0.05,000,0.05
2012-12-17,0.05,0.05,0.05,0.05,000,0.05
2012-12-14,0.05,0.05,0.05,0.05,000,0.05
2012-12-13,0.05,0.05,0.05,0.05,000,0.05
2012-12-12,0.05,0.05,0.05,0.05,000,0.05
2012-12-11,0.05,0.05,0.05,0.05,000,0.05
2012-12-10,0.05,0.05,0.05,0.05,000,0.05
2012-12-07,0.05,0.05,0.05,0.05,000,0.05
2012-12-06,0.05,0.05,0.05,0.05,000,0.05
2012-12-05,0.05,0.05,0.05,0.05,000,0.05
2012-12-04,0.05,0.05,0.05,0.05,000,0.05
2012-12-03,0.05,0.05,0.05,0.05,000,0.05
2012-11-30,0.05,0.05,0.05,0.05,000,0.05
2012-11-29,0.05,0.05,0.05,0.05,12000,0.05
2012-11-28,0.05,0.05,0.05,0.05,000,0.05
2012-11-27,0.05,0.05,0.05,0.05,8300,0.05
2012-11-26,0.05,0.05,0.05,0.05,000,0.05
2012-11-23,0.05,0.05,0.05,0.05,1100,0.05
2012-11-22,0.14,0.14,0.14,0.14,000,0.14
2012-11-21,0.14,0.14,0.14,0.14,000,0.14
2012-11-20,0.14,0.14,0.14,0.14,000,0.14
2012-11-19,0.14,0.14,0.14,0.14,000,0.14
2012-11-16,0.14,0.14,0.14,0.14,000,0.14
2012-11-15,0.14,0.14,0.14,0.14,000,0.14
2012-11-14,0.14,0.14,0.14,0.14,000,0.14
2012-11-13,0.14,0.14,0.14,0.14,000,0.14
2012-11-12,0.14,0.14,0.14,0.14,000,0.14
2012-11-09,0.14,0.14,0.14,0.14,000,0.14
2012-11-08,0.14,0.14,0.14,0.14,000,0.14
2012-11-07,0.14,0.14,0.14,0.14,1000,0.14
2012-11-06,0.14,0.14,0.14,0.14,1100,0.14
2012-11-05,0.14,0.14,0.14,0.14,6300,0.14
2012-11-02,0.12,0.12,0.12,0.12,000,0.12
2012-11-01,0.12,0.12,0.12,0.12,000,0.12
2012-10-31,0.12,0.12,0.12,0.12,000,0.12
2012-10-30,0.12,0.12,0.12,0.12,000,0.12
2012-10-29,0.12,0.12,0.12,0.12,600,0.12
2012-10-26,0.11,0.11,0.11,0.11,000,0.11
2012-10-25,0.11,0.11,0.11,0.11,000,0.11
2012-10-24,0.11,0.11,0.11,0.11,1100,0.11
2012-10-23,0.14,0.14,0.14,0.14,000,0.14
2012-10-22,0.14,0.14,0.14,0.14,000,0.14
2012-10-19,0.14,0.14,0.14,0.14,7200,0.14
2012-10-18,0.05,0.05,0.05,0.05,000,0.05
2012-10-17,0.05,0.05,0.05,0.05,000,0.05
2012-10-16,0.05,0.05,0.05,0.05,000,0.05
2012-10-15,0.05,0.05,0.05,0.05,000,0.05
2012-10-12,0.05,0.05,0.05,0.05,000,0.05
2012-10-11,0.05,0.05,0.05,0.05,000,0.05
2012-10-10,0.05,0.05,0.05,0.05,000,0.05
2012-10-09,0.05,0.05,0.05,0.05,000,0.05
2012-10-08,0.05,0.05,0.05,0.05,000,0.05
2012-10-05,0.05,0.05,0.05,0.05,000,0.05
2012-10-04,0.05,0.05,0.05,0.05,30000,0.05
2012-10-03,0.01,0.01,0.01,0.01,000,0.01
2012-10-02,0.01,0.01,0.01,0.01,000,0.01
2012-10-01,0.01,0.01,0.01,0.01,000,0.01
2012-09-28,0.01,0.01,0.01,0.01,000,0.01
2012-09-27,0.01,0.01,0.01,0.01,000,0.01
2012-09-26,0.01,0.01,0.01,0.01,000,0.01
2012-09-25,0.01,0.01,0.01,0.01,000,0.01
2012-09-24,0.01,0.01,0.01,0.01,000,0.01
2012-09-21,0.01,0.01,0.01,0.01,000,0.01
2012-09-20,0.01,0.01,0.01,0.01,000,0.01
2012-09-19,0.01,0.01,0.01,0.01,000,0.01
2012-09-18,0.01,0.01,0.01,0.01,000,0.01
2012-09-17,0.01,0.01,0.01,0.01,000,0.01
2012-09-14,0.01,0.01,0.01,0.01,000,0.01
2012-09-13,0.01,0.01,0.01,0.01,000,0.01
2012-09-12,0.01,0.01,0.01,0.01,000,0.01
2012-09-11,0.01,0.01,0.01,0.01,000,0.01
2012-09-10,0.01,0.01,0.01,0.01,000,0.01
2012-09-07,0.01,0.01,0.01,0.01,000,0.01
2012-09-06,0.01,0.01,0.01,0.01,000,0.01
2012-09-05,0.01,0.01,0.01,0.01,000,0.01
2012-09-04,0.01,0.01,0.01,0.01,000,0.01
2012-09-03,0.01,0.01,0.01,0.01,000,0.01
2012-08-31,0.01,0.01,0.01,0.01,5400,0.01
2012-08-29,0.02,0.02,0.02,0.02,000,0.02
2012-08-28,0.02,0.02,0.02,0.02,000,0.02
2012-08-27,0.02,0.02,0.02,0.02,000,0.02
2012-08-24,0.02,0.02,0.02,0.02,000,0.02
2012-08-23,0.02,0.02,0.02,0.02,000,0.02
2012-08-22,0.02,0.02,0.02,0.02,000,0.02
2012-08-21,0.02,0.02,0.02,0.02,000,0.02
2012-08-20,0.02,0.02,0.02,0.02,000,0.02
2012-08-17,0.02,0.02,0.02,0.02,000,0.02
2012-08-16,0.02,0.02,0.02,0.02,000,0.02
2012-08-15,0.02,0.02,0.02,0.02,000,0.02
2012-08-14,0.02,0.02,0.02,0.02,000,0.02
2012-08-13,0.02,0.02,0.02,0.02,000,0.02
2012-08-10,0.02,0.02,0.02,0.02,000,0.02
2012-08-09,0.02,0.02,0.02,0.02,000,0.02
2012-08-08,0.02,0.02,0.02,0.02,000,0.02
2012-08-07,0.02,0.02,0.02,0.02,000,0.02
2012-08-06,0.02,0.02,0.02,0.02,000,0.02
2012-08-03,0.02,0.02,0.02,0.02,000,0.02
2012-08-02,0.02,0.02,0.02,0.02,000,0.02
2012-08-01,0.02,0.02,0.02,0.02,000,0.02
2012-07-31,0.02,0.02,0.02,0.02,000,0.02
2012-07-30,0.02,0.02,0.02,0.02,000,0.02
2012-07-27,0.02,0.02,0.02,0.02,000,0.02
2012-07-26,0.02,0.02,0.02,0.02,000,0.02
2012-07-25,0.02,0.02,0.02,0.02,000,0.02
2012-07-24,0.02,0.02,0.02,0.02,000,0.02
2012-07-23,0.02,0.02,0.02,0.02,000,0.02
2012-07-20,0.02,0.02,0.02,0.02,000,0.02
2012-07-19,0.02,0.02,0.02,0.02,000,0.02
2012-07-18,0.02,0.02,0.02,0.02,000,0.02
2012-07-17,0.02,0.02,0.02,0.02,000,0.02
2012-07-16,0.02,0.02,0.02,0.02,000,0.02
2012-07-13,0.02,0.02,0.02,0.02,000,0.02
2012-07-12,0.02,0.02,0.02,0.02,000,0.02
2012-07-11,0.02,0.02,0.02,0.02,000,0.02
2012-07-10,0.02,0.02,0.02,0.02,000,0.02
2012-07-09,0.02,0.02,0.02,0.02,000,0.02
2012-07-06,0.02,0.02,0.02,0.02,000,0.02
2012-07-05,0.02,0.02,0.02,0.02,000,0.02
2012-07-04,0.02,0.02,0.02,0.02,000,0.02
2012-07-03,0.02,0.02,0.02,0.02,000,0.02
2012-07-02,0.02,0.02,0.02,0.02,000,0.02
2012-06-29,0.02,0.02,0.02,0.02,000,0.02
2012-06-28,0.02,0.02,0.02,0.02,000,0.02
2012-06-27,0.02,0.02,0.02,0.02,000,0.02
2012-06-26,0.02,0.02,0.02,0.02,000,0.02
2012-06-25,0.02,0.02,0.02,0.02,000,0.02
2012-06-22,0.02,0.02,0.02,0.02,000,0.02
2012-06-21,0.02,0.02,0.02,0.02,000,0.02
2012-06-20,0.02,0.02,0.02,0.02,000,0.02
2012-06-19,0.02,0.02,0.02,0.02,000,0.02
2012-06-18,0.02,0.02,0.02,0.02,000,0.02
2012-06-15,0.02,0.02,0.02,0.02,000,0.02
2012-06-14,0.02,0.02,0.02,0.02,000,0.02
2012-06-13,0.02,0.02,0.02,0.02,000,0.02
2012-06-12,0.02,0.02,0.02,0.02,000,0.02
2012-06-11,0.02,0.02,0.02,0.02,000,0.02
2012-06-08,0.02,0.02,0.02,0.02,000,0.02
2012-06-07,0.02,0.02,0.02,0.02,000,0.02
2012-06-06,0.02,0.02,0.02,0.02,000,0.02
2012-06-05,0.02,0.02,0.02,0.02,000,0.02
2012-06-04,0.02,0.02,0.02,0.02,000,0.02
2012-06-01,0.02,0.02,0.02,0.02,000,0.02
2012-05-31,0.02,0.02,0.02,0.02,000,0.02
2012-05-30,0.02,0.02,0.02,0.02,000,0.02
2012-05-29,0.02,0.02,0.02,0.02,000,0.02
2012-05-28,0.02,0.02,0.02,0.02,000,0.02
2012-05-25,0.02,0.02,0.02,0.02,000,0.02
2012-05-24,0.02,0.02,0.02,0.02,000,0.02
2012-05-23,0.02,0.02,0.02,0.02,000,0.02
2012-05-22,0.02,0.02,0.02,0.02,000,0.02
2012-05-21,0.02,0.02,0.02,0.02,000,0.02
2012-05-18,0.02,0.02,0.02,0.02,000,0.02
2012-05-17,0.02,0.02,0.02,0.02,000,0.02
2012-05-16,0.02,0.02,0.02,0.02,000,0.02
2012-05-15,0.02,0.02,0.02,0.02,000,0.02
2012-05-14,0.02,0.02,0.02,0.02,000,0.02
2012-05-11,0.02,0.02,0.02,0.02,000,0.02
2012-05-10,0.02,0.02,0.02,0.02,000,0.02
2012-05-09,0.02,0.02,0.02,0.02,000,0.02
2012-05-08,0.02,0.02,0.02,0.02,000,0.02
2012-05-07,0.02,0.02,0.02,0.02,000,0.02
2012-05-04,0.02,0.02,0.02,0.02,000,0.02
2012-05-03,0.02,0.02,0.02,0.02,000,0.02
2012-05-02,0.02,0.02,0.02,0.02,000,0.02
2012-05-01,0.02,0.02,0.02,0.02,000,0.02
2012-04-30,0.02,0.02,0.02,0.02,000,0.02
2012-04-27,0.02,0.02,0.02,0.02,000,0.02
2012-04-26,0.02,0.02,0.02,0.02,000,0.02
2012-04-25,0.02,0.02,0.02,0.02,000,0.02
2012-04-24,0.02,0.02,0.02,0.02,000,0.02
2012-04-23,0.02,0.02,0.02,0.02,000,0.02
2012-04-20,0.02,0.02,0.02,0.02,000,0.02
2012-04-19,0.02,0.02,0.02,0.02,000,0.02
2012-04-18,0.02,0.02,0.02,0.02,000,0.02
2012-04-17,0.02,0.02,0.02,0.02,000,0.02
2012-04-16,0.02,0.02,0.02,0.02,000,0.02
2012-04-13,0.02,0.02,0.02,0.02,000,0.02
2012-04-12,0.02,0.02,0.02,0.02,100,0.02
2012-04-11,0.02,0.02,0.02,0.02,000,0.02
2012-04-10,0.02,0.02,0.02,0.02,000,0.02
2012-04-09,0.02,0.02,0.02,0.02,000,0.02
2012-04-06,0.02,0.02,0.02,0.02,000,0.02
2012-04-05,0.02,0.02,0.02,0.02,000,0.02
2012-04-04,0.02,0.02,0.02,0.02,000,0.02
2012-04-03,0.02,0.02,0.02,0.02,000,0.02
2012-04-02,0.02,0.02,0.02,0.02,000,0.02
2012-03-30,0.02,0.02,0.02,0.02,000,0.02
2012-03-29,0.02,0.02,0.02,0.02,000,0.02
2012-03-28,0.02,0.02,0.02,0.02,000,0.02
2012-03-27,0.02,0.02,0.02,0.02,000,0.02
2012-03-26,0.02,0.02,0.02,0.02,000,0.02
2012-03-23,0.02,0.02,0.02,0.02,000,0.02
2012-03-22,0.02,0.02,0.02,0.02,000,0.02
2012-03-21,0.02,0.02,0.02,0.02,000,0.02
2012-03-20,0.02,0.02,0.02,0.02,000,0.02
2012-03-19,0.02,0.02,0.02,0.02,000,0.02
2012-03-16,0.02,0.02,0.02,0.02,000,0.02
2012-03-15,0.02,0.02,0.02,0.02,000,0.02
2012-03-14,0.02,0.02,0.02,0.02,000,0.02
2012-03-13,0.02,0.02,0.02,0.02,000,0.02
2012-03-12,0.02,0.02,0.02,0.02,000,0.02
2012-03-09,0.02,0.02,0.02,0.02,400,0.02
2012-03-08,0.02,0.02,0.02,0.02,000,0.02
2012-03-07,0.02,0.02,0.02,0.02,000,0.02
2012-03-06,0.02,0.02,0.02,0.02,000,0.02
2012-03-05,0.02,0.02,0.02,0.02,000,0.02
2012-03-02,0.02,0.02,0.02,0.02,000,0.02
2012-03-01,0.02,0.02,0.02,0.02,000,0.02
2012-02-29,0.02,0.02,0.02,0.02,000,0.02
2012-02-28,0.02,0.02,0.02,0.02,000,0.02
2012-02-27,0.02,0.02,0.02,0.02,000,0.02
2012-02-24,0.02,0.02,0.02,0.02,100,0.02
2012-02-23,0.02,0.02,0.02,0.02,000,0.02
2012-02-22,0.02,0.02,0.02,0.02,000,0.02
2012-02-21,0.02,0.02,0.02,0.02,000,0.02
2012-02-20,0.02,0.02,0.02,0.02,000,0.02
2012-02-17,0.02,0.02,0.02,0.02,000,0.02
2012-02-16,0.02,0.02,0.02,0.02,000,0.02
2012-02-15,0.02,0.02,0.02,0.02,000,0.02
2012-02-14,0.02,0.02,0.02,0.02,000,0.02
2012-02-13,0.02,0.02,0.02,0.02,000,0.02
2012-02-10,0.02,0.02,0.02,0.02,000,0.02
2012-02-09,0.02,0.02,0.02,0.02,000,0.02
2012-02-08,0.02,0.02,0.02,0.02,000,0.02
2012-02-07,0.02,0.02,0.02,0.02,000,0.02
2012-02-06,0.02,0.02,0.02,0.02,000,0.02
2012-02-03,0.02,0.02,0.02,0.02,000,0.02
2012-02-02,0.02,0.02,0.02,0.02,000,0.02
2012-02-01,0.02,0.02,0.02,0.02,000,0.02
2012-01-31,0.02,0.02,0.02,0.02,000,0.02
2012-01-30,0.02,0.02,0.02,0.02,000,0.02
2012-01-27,0.02,0.02,0.02,0.02,000,0.02
2012-01-26,0.02,0.02,0.02,0.02,000,0.02
2012-01-25,0.02,0.02,0.02,0.02,000,0.02
2012-01-24,0.02,0.02,0.02,0.02,000,0.02
2012-01-23,0.02,0.02,0.02,0.02,000,0.02
2012-01-20,0.02,0.02,0.02,0.02,000,0.02
2012-01-19,0.02,0.02,0.02,0.02,000,0.02
2012-01-18,0.02,0.02,0.02,0.02,000,0.02
2012-01-17,0.02,0.02,0.02,0.02,000,0.02
2012-01-16,0.02,0.02,0.02,0.02,000,0.02
2012-01-13,0.02,0.02,0.02,0.02,000,0.02
2012-01-12,0.02,0.02,0.02,0.02,000,0.02
2012-01-11,0.02,0.02,0.02,0.02,000,0.02
2012-01-10,0.02,0.02,0.02,0.02,000,0.02
2012-01-09,0.02,0.02,0.02,0.02,000,0.02
2012-01-06,0.02,0.02,0.02,0.02,000,0.02
2012-01-05,0.02,0.02,0.02,0.02,000,0.02
2012-01-04,0.02,0.02,0.02,0.02,000,0.02
2012-01-03,0.02,0.02,0.02,0.02,000,0.02
2012-01-02,0.02,0.02,0.02,0.02,000,0.02
2011-12-30,0.02,0.02,0.02,0.02,000,0.02
2011-12-29,0.02,0.02,0.02,0.02,5000,0.02
2011-12-28,0.04,0.04,0.04,0.04,000,0.04
2011-12-27,0.04,0.04,0.04,0.04,000,0.04
2011-12-26,0.04,0.04,0.04,0.04,000,0.04
2011-12-23,0.04,0.04,0.04,0.04,000,0.04
2011-12-22,0.04,0.04,0.04,0.04,000,0.04
2011-12-21,0.04,0.04,0.04,0.04,000,0.04
2011-12-20,0.04,0.04,0.04,0.04,000,0.04
2011-12-19,0.04,0.04,0.04,0.04,000,0.04
2011-12-16,0.04,0.04,0.04,0.04,000,0.04
2011-12-15,0.04,0.04,0.04,0.04,000,0.04
2011-12-14,0.08,0.08,0.04,0.04,2000,0.04
2011-12-13,0.04,0.04,0.04,0.04,000,0.04
2011-12-12,0.04,0.04,0.04,0.04,000,0.04
2011-12-09,0.04,0.04,0.04,0.04,000,0.04
2011-12-08,0.04,0.04,0.04,0.04,000,0.04
2011-12-07,0.04,0.04,0.04,0.04,000,0.04
2011-12-06,0.04,0.04,0.04,0.04,000,0.04
2011-12-05,0.04,0.04,0.04,0.04,1000,0.04
2011-12-02,0.03,0.03,0.03,0.03,000,0.03
2011-12-01,0.03,0.03,0.03,0.03,000,0.03
2011-11-30,0.03,0.03,0.03,0.03,000,0.03
2011-11-29,0.03,0.03,0.03,0.03,000,0.03
2011-11-28,0.03,0.03,0.03,0.03,000,0.03
2011-11-25,0.03,0.03,0.03,0.03,000,0.03
2011-11-24,0.03,0.03,0.03,0.03,000,0.03
2011-11-23,0.03,0.03,0.03,0.03,000,0.03
2011-11-22,0.03,0.03,0.03,0.03,000,0.03
2011-11-21,0.03,0.03,0.03,0.03,000,0.03
2011-11-18,0.03,0.03,0.03,0.03,000,0.03
2011-11-17,0.03,0.03,0.03,0.03,000,0.03
2011-11-16,30.18,30.65,29.61,29.78,2470900,29.78
2011-11-15,30.54,30.93,30.28,30.61,1972000,30.61
2011-11-14,30.17,30.71,29.99,30.61,2446900,30.61
2011-11-11,30.43,31.31,30.19,30.34,2000700,30.34
2011-11-10,30.41,30.57,29.45,30.06,2647800,30.06
2011-11-09,30.23,30.71,29.67,29.80,2964300,29.80
2011-11-08,31.24,31.35,30.66,31.11,2290700,31.11
2011-11-07,31.44,31.87,30.68,31.22,1860300,31.07
2011-11-04,30.89,31.61,30.44,31.32,1932900,31.17
2011-11-03,31.44,31.85,30.63,31.69,1756400,31.54
2011-11-02,31.00,31.39,30.45,30.87,1807300,30.72
2011-11-01,29.84,30.86,29.64,30.29,2969600,30.15
2011-10-31,32.23,32.26,30.67,30.98,2851500,30.83
2011-10-28,32.08,32.91,31.82,32.72,2428700,32.57
2011-10-27,31.39,32.56,31.35,32.06,3096800,31.90
2011-10-26,30.42,30.73,29.65,30.49,1978500,30.35
2011-10-25,30.03,30.33,28.95,29.79,4120900,29.65
2011-10-24,30.20,30.68,30.06,30.23,1947700,30.08
2011-10-21,29.92,30.46,29.65,30.04,1232500,29.90
2011-10-20,29.09,29.67,28.65,29.55,1397500,29.41
2011-10-19,29.58,30.13,29.16,29.28,2748100,29.14
2011-10-18,28.49,29.98,28.10,29.71,2164400,29.57
2011-10-17,29.12,29.40,28.27,28.45,2291800,28.32
2011-10-14,29.34,29.46,28.83,29.39,1620000,29.25
2011-10-13,28.47,28.75,28.21,28.68,2124100,28.54
2011-10-12,0.03,0.03,0.03,0.03,17000,0.02
2011-10-11,0.10,0.10,0.10,0.10,68000,0.10
2011-10-10,27.60,28.67,27.60,28.46,2557400,28.33
2011-10-07,0.05,0.07,0.05,0.07,32000,0.07
2011-10-06,27.21,28.00,26.71,27.69,2503800,27.56
2011-10-05,26.33,27.64,26.01,27.36,3274200,27.22
2011-10-04,24.58,26.22,23.95,26.14,3642300,26.02
2011-10-03,25.50,25.92,24.97,25.07,3161900,24.95
2011-09-30,25.95,26.67,25.70,25.80,2910300,25.68
2011-09-29,27.40,27.42,26.06,26.47,3163900,26.35
2011-09-28,27.88,28.19,26.67,26.76,2059000,26.63
2011-09-27,29.07,29.44,27.81,27.96,3650900,27.83
2011-09-26,27.51,28.43,26.58,28.35,3278000,28.21
2011-09-23,27.51,27.97,26.93,27.21,5126300,27.08
2011-09-22,27.60,28.31,26.93,27.56,8705100,27.42
2011-09-21,29.84,30.09,28.77,28.83,5868100,28.69
2011-09-20,30.41,30.86,29.94,29.97,2927500,29.82
2011-09-19,30.18,30.45,29.49,30.20,4467400,30.06
2011-09-16,31.72,31.82,30.53,30.83,3513200,30.69
2011-09-15,31.20,31.84,31.09,31.57,3411400,31.41
2011-09-14,31.27,31.27,30.29,30.81,4625200,30.66
2011-09-13,31.22,31.33,30.61,31.05,3451600,30.90
2011-09-12,30.58,31.17,30.28,31.08,3211300,30.93
2011-09-09,31.57,32.12,30.53,30.88,6846700,30.74
2011-09-08,32.61,32.94,30.86,31.25,5153500,31.10
2011-09-07,32.04,32.89,31.66,32.61,6102500,32.46
2011-09-06,30.33,32.09,30.02,31.64,11253300,31.49
2011-09-05,0.49,0.53,0.47,0.52,22000,0.52
2011-09-02,30.46,30.72,29.88,30.04,2759000,29.90
2011-09-01,31.69,32.16,31.27,31.32,2082400,31.17
2011-08-31,31.61,32.38,31.40,31.73,3467700,31.58
2011-08-30,30.61,31.74,30.55,31.44,4537100,31.29
2011-08-29,30.23,30.83,30.05,30.73,3551900,30.59
2011-08-26,29.19,30.09,28.85,29.73,3954500,29.58
2011-08-25,30.32,30.32,28.82,29.48,4944200,29.34
2011-08-24,29.83,30.32,29.51,30.09,3839300,29.95
2011-08-23,28.52,30.10,28.40,29.96,5860500,29.82
2011-08-22,29.16,29.23,28.21,28.54,6303000,28.40
2011-08-19,27.60,29.25,27.52,28.27,7749100,28.14
2011-08-18,28.53,28.68,27.46,28.05,5879600,27.92
2011-08-17,29.61,29.99,29.13,29.54,3766200,29.40
2011-08-16,29.97,30.11,29.00,29.37,5138900,29.23
2011-08-15,28.89,30.59,28.89,30.45,5982200,30.30
2011-08-12,28.10,28.85,28.01,28.55,6226400,28.42
2011-08-11,25.95,28.28,25.94,27.81,7995100,27.67
2011-08-10,25.41,27.19,25.30,25.84,11904100,25.72
2011-08-09,25.53,25.91,22.76,25.88,8953600,25.76
2011-08-08,27.35,27.35,24.39,25.03,10735800,24.77
2011-08-05,31.12,31.96,27.63,28.30,10789600,27.99
2011-08-04,31.69,31.80,29.77,29.86,6120300,29.54
2011-08-03,32.59,32.59,31.57,32.37,3571800,32.02
2011-08-02,33.61,33.75,32.54,32.59,3956700,32.24
2011-08-01,34.24,34.41,33.59,33.78,2633900,33.42
2011-07-29,33.55,34.04,33.39,33.82,2619300,33.46
2011-07-28,33.95,34.40,33.81,33.90,2118900,33.54
2011-07-27,34.36,34.44,33.73,34.00,2976100,33.64
2011-07-26,35.03,35.03,34.32,34.53,3107800,34.16
2011-07-25,34.68,35.62,34.62,35.08,2306100,34.70
2011-07-22,36.03,36.13,35.06,35.16,1810600,34.78
2011-07-21,35.42,35.76,35.13,35.71,2743400,35.32
2011-07-20,35.28,35.71,35.03,35.26,2427700,34.88
2011-07-19,34.59,35.12,34.49,35.06,2067500,34.68
2011-07-18,0.09,0.09,0.09,0.09,1000,0.09
2011-07-15,34.39,35.02,34.39,34.88,2870200,34.50
2011-07-14,34.42,34.61,33.75,34.09,3691500,33.72
2011-07-13,0.05,0.05,0.05,0.05,4000,0.05
2011-07-12,34.94,34.95,34.05,34.15,3154900,33.79
2011-07-11,35.09,35.46,34.60,34.97,3450900,34.59
2011-07-08,0.04,0.04,0.04,0.04,1000,0.04
2011-07-07,0.10,0.10,0.10,0.10,1000,0.10
2011-07-06,34.64,35.33,34.42,35.04,2916100,34.66
2011-07-05,35.10,35.28,34.51,34.68,1876300,34.30
2011-07-04,0.58,0.59,0.58,0.58,17300,0.57
2011-07-01,34.80,35.19,34.10,35.14,2001700,34.76
2011-06-30,34.48,34.78,34.40,34.70,2036900,34.33
2011-06-29,33.57,34.39,33.25,34.29,2873100,33.92
2011-06-28,32.93,33.60,32.91,33.45,1862600,33.09
2011-06-27,32.44,33.12,32.35,32.77,1764200,32.42
2011-06-24,33.74,33.75,32.47,32.57,3818200,32.22
2011-06-23,33.28,33.83,32.72,33.75,3920000,33.39
2011-06-22,33.62,34.22,33.57,33.70,2290500,33.33
2011-06-21,32.91,33.87,32.91,33.73,2763200,33.37
2011-06-20,32.27,32.83,32.24,32.80,1568500,32.44
2011-06-17,0.05,0.05,0.05,0.05,45000,0.05
2011-06-16,0.05,0.05,0.05,0.05,40000,0.05
2011-06-15,33.47,33.74,32.54,32.91,3657500,32.56
2011-06-14,33.32,33.90,33.32,33.81,3267100,33.45
2011-06-13,33.63,34.09,32.39,32.91,3902900,32.56
2011-06-10,34.00,34.34,33.57,33.59,3022000,33.23
2011-06-09,33.79,34.52,33.70,34.16,2625300,33.79
2011-06-08,34.23,34.46,33.50,33.65,4200800,33.29
2011-06-07,33.28,34.74,33.26,34.10,6376400,33.73
2011-06-06,0.05,0.05,0.05,0.05,100,0.05
2011-06-03,32.44,33.60,32.41,33.18,2767800,32.82
2011-06-02,32.90,33.30,32.37,32.83,3037400,32.48
2011-06-01,33.50,33.75,32.91,32.93,2779400,32.58
2011-05-31,0.05,0.05,0.05,0.05,1000,0.05
2011-05-30,0.68,0.70,0.63,0.67,44900,0.66
2011-05-27,33.03,33.57,32.90,33.43,2713900,33.07
2011-05-26,32.73,33.00,32.46,32.86,2887700,32.51
2011-05-25,32.52,33.03,32.35,32.76,2192300,32.41
2011-05-24,32.85,33.25,32.46,32.62,3055600,32.27
2011-05-23,32.65,32.80,32.38,32.66,4056700,32.30
2011-05-20,33.29,33.74,32.83,33.14,3663000,32.78
2011-05-19,0.05,0.05,0.05,0.05,2000,0.05
2011-05-18,0.04,0.04,0.04,0.04,300,0.03
2011-05-17,32.81,32.92,32.17,32.43,3521800,32.08
2011-05-16,33.26,33.82,32.98,33.07,3224400,32.57
2011-05-13,33.75,34.17,32.97,33.50,3765700,32.99
2011-05-12,33.65,33.90,32.71,33.70,5442900,33.19
2011-05-11,35.19,35.19,33.77,33.82,5072500,33.30
2011-05-10,34.93,35.71,34.77,35.38,3575800,34.84
2011-05-09,34.22,35.14,34.03,34.82,4080100,34.29
2011-05-06,33.27,34.94,33.27,34.19,6697800,33.67
2011-05-05,33.22,33.89,33.05,33.33,3570100,32.82
2011-05-04,33.81,33.87,33.17,33.72,3775200,33.21
2011-05-03,34.65,34.65,33.70,33.86,2532500,33.35
2011-05-02,35.54,35.61,34.65,34.79,1607100,34.26
2011-04-29,0.04,0.04,0.04,0.04,10000,0.03
2011-04-28,35.40,35.63,34.94,35.19,1636600,34.65
2011-04-27,35.61,35.68,34.54,35.52,2523000,34.98
2011-04-26,35.29,35.88,35.14,35.44,2697800,34.90
2011-04-25,35.13,35.64,35.12,35.33,2253600,34.80
2011-04-21,34.71,35.16,34.50,35.09,2929100,34.55
2011-04-20,35.19,35.28,34.54,34.60,3274600,34.07
2011-04-19,34.74,35.06,34.22,34.63,3343500,34.10
2011-04-18,35.17,35.45,34.61,34.89,2007200,34.35
2011-04-15,35.63,35.82,35.37,35.69,1794000,35.15
2011-04-14,35.65,35.78,35.00,35.63,2314400,35.09
2011-04-13,35.53,36.18,35.14,35.83,4755100,35.28
2011-04-12,0.04,0.04,0.04,0.04,150000,0.04
2011-04-11,37.12,37.35,36.64,36.73,1449700,36.17
2011-04-08,0.04,0.04,0.04,0.04,103000,0.04
2011-04-07,37.94,37.96,36.89,37.32,3434700,36.75
2011-04-06,38.79,39.09,37.94,38.00,2243300,37.42
2011-04-05,38.41,39.00,38.16,38.60,2098500,38.01
2011-04-04,38.48,38.61,38.26,38.39,1491600,37.80
2011-04-01,38.12,38.58,37.95,38.36,2065400,37.78
2011-03-31,0.04,0.04,0.04,0.04,2000,0.04
2011-03-30,38.35,38.77,37.88,38.38,2120400,37.79
2011-03-29,37.83,38.31,37.45,38.14,1730800,37.56
2011-03-28,38.42,38.50,37.86,37.92,3126000,37.34
2011-03-25,37.51,38.65,37.51,38.46,2893600,37.88
2011-03-24,37.39,37.73,36.80,37.38,2311700,36.81
2011-03-23,36.77,37.17,36.61,37.04,1622600,36.48
2011-03-22,37.03,37.30,36.65,36.83,1930300,36.27
2011-03-21,36.59,37.17,36.50,37.07,2362600,36.50
2011-03-18,36.81,36.90,36.09,36.16,3773400,35.61
2011-03-17,35.92,36.63,35.78,36.41,4033300,35.85
2011-03-16,36.02,36.31,34.90,35.36,3250500,34.82
2011-03-15,35.63,36.37,35.12,36.06,4481700,35.51
2011-03-14,35.86,37.21,35.59,36.48,3748400,35.93
2011-03-11,34.31,36.12,34.31,36.05,3847000,35.50
2011-03-10,34.82,34.89,33.99,34.74,3958900,34.21
2011-03-09,34.51,35.31,34.42,35.20,2261500,34.66
2011-03-08,35.08,35.19,34.17,34.66,3410900,34.13
2011-03-07,35.47,35.66,34.82,35.08,4105500,34.54
2011-03-04,35.18,35.43,34.98,35.26,3206800,34.72
2011-03-03,34.88,35.30,34.87,35.14,3066800,34.60
2011-03-02,34.36,34.86,34.34,34.67,3217300,34.14
2011-03-01,35.13,35.20,34.19,34.49,2772500,33.97
2011-02-28,35.32,35.47,34.58,34.83,2009700,34.30
2011-02-25,34.45,35.18,34.41,35.09,2381700,34.56
2011-02-24,35.94,36.20,34.31,34.36,3801200,33.84
2011-02-23,0.04,0.04,0.04,0.04,16000,0.04
2011-02-22,36.38,36.92,35.40,35.70,2729400,35.16
2011-02-21,0.66,0.69,0.66,0.69,7700,0.68
2011-02-18,35.58,36.97,35.43,36.40,4643000,35.84
2011-02-17,0.04,0.04,0.04,0.04,3000,0.04
2011-02-16,35.48,35.95,35.37,35.53,2498100,34.99
2011-02-15,35.55,35.93,34.95,35.23,2020800,34.69
2011-02-14,35.39,36.02,35.21,35.64,2579300,35.10
2011-02-11,35.29,35.68,35.03,35.67,1438900,34.98
2011-02-10,34.83,35.38,34.61,35.38,1849000,34.70
2011-02-09,35.30,35.35,34.62,34.99,2166000,34.31
2011-02-08,35.09,35.50,34.39,35.48,3096600,34.80
2011-02-07,35.41,36.03,34.97,35.03,3012400,34.35
2011-02-04,34.32,36.04,34.12,35.24,5504200,34.56
2011-02-03,35.93,36.40,35.41,36.29,2038600,35.59
2011-02-02,35.69,36.37,35.69,35.93,1708700,35.24
2011-02-01,35.43,36.15,35.38,35.96,2450800,35.26
2011-01-31,36.40,36.41,35.23,35.32,5540800,34.63
2011-01-28,35.35,36.22,35.24,36.16,3697700,35.46
2011-01-27,35.20,35.64,35.02,35.39,2063600,34.71
2011-01-26,35.02,35.66,34.94,35.24,4356500,34.55
2011-01-25,34.34,34.99,34.05,34.99,3512200,34.31
2011-01-24,33.98,34.42,33.73,34.42,3096700,33.75
2011-01-21,33.85,34.26,33.84,34.06,2501600,33.40
2011-01-20,34.43,34.54,32.89,33.76,4165300,33.11
2011-01-19,34.68,34.78,34.12,34.58,4148200,33.91
2011-01-18,33.85,34.81,33.30,34.80,3822600,34.13
2011-01-17,0.73,0.73,0.68,0.71,33800,0.70
2011-01-13,32.91,33.42,32.74,33.42,2430600,32.77
2011-01-12,32.31,33.13,32.21,32.91,3798100,32.28
2011-01-11,32.40,32.95,31.97,32.13,3363800,31.51
2011-01-10,33.12,33.19,32.06,32.26,3443300,31.63
2011-01-07,33.90,33.91,32.84,33.30,3761900,32.66
2011-01-06,33.84,34.39,33.65,33.90,2243300,33.25
2011-01-05,34.04,34.08,33.49,33.84,2280400,33.18
2011-01-04,34.29,34.66,34.10,34.15,2549800,33.48
2011-01-03,33.86,34.69,33.70,34.39,1847900,33.72
2010-12-31,33.66,34.09,33.50,33.54,1194600,32.89
2010-12-30,33.15,33.86,33.15,33.77,1427700,33.12
2010-12-29,0.04,0.04,0.04,0.04,100000,0.04
2010-12-28,33.09,33.28,32.96,33.26,712900,32.62
2010-12-27,32.99,33.13,32.89,33.07,778300,32.43
2010-12-23,33.30,33.34,33.09,33.16,1064700,32.52
2010-12-22,33.36,33.50,33.21,33.29,1335600,32.64
2010-12-21,32.74,33.42,32.71,33.27,1985900,32.63
2010-12-20,32.03,32.71,31.88,32.62,1646900,31.99
2010-12-17,0.04,0.04,0.04,0.04,3000,0.03
2010-12-16,32.09,32.67,31.77,32.62,2541700,31.99
2010-12-15,32.64,32.68,32.00,32.12,2955100,31.50
2010-12-14,32.98,33.09,32.69,32.73,2662100,32.10
2010-12-13,33.55,33.60,32.92,33.03,2262300,32.39
2010-12-10,32.79,33.37,32.72,33.31,2200500,32.67
2010-12-09,32.64,32.86,32.46,32.74,1444800,32.10
2010-12-08,33.26,33.26,32.13,32.58,2210500,31.95
2010-12-07,33.44,33.70,33.11,33.15,1953100,32.50
2010-12-06,32.82,33.52,32.79,33.07,2714900,32.43
2010-12-03,33.55,33.55,32.78,32.93,3702200,32.29
2010-12-02,33.96,34.30,33.87,34.28,2526500,33.61
2010-12-01,33.90,34.11,33.71,33.87,2611300,33.21
2010-11-30,0.03,0.03,0.03,0.03,50000,0.03
2010-11-29,33.16,33.55,32.81,33.40,1378700,32.75
2010-11-26,33.23,33.60,33.19,33.45,764000,32.80
2010-11-25,0.55,0.60,0.53,0.59,115800,0.58
2010-11-24,33.07,33.65,32.96,33.55,1863500,32.90
2010-11-23,32.50,32.96,32.17,32.91,2574100,32.27
2010-11-22,32.17,32.87,32.08,32.81,2343300,32.18
2010-11-19,32.58,32.58,31.80,32.38,2104000,31.75
2010-11-17,31.58,32.18,31.40,32.03,1944700,31.41
2010-11-16,0.03,0.03,0.03,0.03,123000,0.03
2010-11-15,32.14,32.61,31.83,31.86,2061300,31.24
2010-11-12,32.17,32.36,31.74,32.06,1682500,31.29
2010-11-11,32.07,32.55,31.97,32.36,1618500,31.59
2010-11-10,31.62,32.28,31.33,32.24,1946700,31.47
2010-11-09,32.28,32.45,31.67,31.79,1947900,31.03
2010-11-08,31.51,32.12,31.49,32.02,1409900,31.25
2010-11-05,31.90,32.09,31.52,31.80,1884700,31.04
2010-11-04,31.76,32.15,31.64,31.97,1747400,31.21
2010-11-03,31.01,31.62,30.74,31.32,1936400,30.57
2010-11-02,31.15,31.20,30.68,30.90,2034000,30.16
2010-11-01,31.52,31.77,30.70,30.84,2849700,30.10
2010-10-29,32.02,32.14,30.86,31.17,6792800,30.43
2010-10-28,33.20,33.60,32.91,33.05,2636300,32.25
2010-10-27,32.38,33.07,32.29,33.02,2171400,32.23
2010-10-26,32.65,33.02,32.38,32.66,2136100,31.87
2010-10-25,0.04,0.04,0.04,0.04,320000,0.03
2010-10-22,0.01,0.01,0.01,0.01,300,0.01
2010-10-21,33.21,33.33,32.48,32.73,2437700,31.95
2010-10-20,32.90,33.32,32.75,33.15,2841000,32.36
2010-10-19,0.03,0.03,0.03,0.03,3000,0.03
2010-10-18,33.11,33.80,32.81,33.60,2041400,32.80
2010-10-15,33.38,33.44,32.75,33.14,1264800,32.34
2010-10-14,33.15,33.55,32.81,33.07,2248700,32.28
2010-10-13,32.65,33.57,32.57,33.14,3331500,32.34
2010-10-12,32.37,32.59,31.96,32.45,1867700,31.67
2010-10-11,32.64,33.06,32.41,32.50,1726500,31.72
2010-10-08,31.73,32.71,31.62,32.64,2333300,31.86
2010-10-07,31.61,31.83,31.26,31.82,1686900,31.05
2010-10-06,0.01,0.01,0.01,0.01,500,0.01
2010-10-05,30.49,31.83,30.49,31.52,4250600,30.77
2010-10-04,30.32,30.61,29.72,30.15,1903500,29.43
2010-10-01,30.57,30.65,29.91,30.44,2334500,29.71
2010-09-30,0.04,0.04,0.04,0.04,2000,0.03
2010-09-29,29.02,30.37,28.99,30.17,3873500,29.44
2010-09-28,28.59,29.24,28.43,29.19,3011600,28.49
2010-09-27,28.71,28.88,28.43,28.45,1940800,27.76
2010-09-24,28.30,28.88,28.12,28.83,1762200,28.14
2010-09-23,28.08,28.30,27.89,28.04,2120800,27.37
2010-09-22,28.88,29.26,28.29,28.37,1830700,27.69
2010-09-21,29.00,29.05,28.57,28.87,2080300,28.18
2010-09-20,28.62,29.13,28.48,29.02,2255700,28.32
2010-09-17,29.40,29.40,28.49,28.50,3871400,27.81
2010-09-16,29.72,29.74,28.93,29.33,2768600,28.62
2010-09-15,30.23,30.29,29.66,29.79,2180000,29.08
2010-09-14,30.18,30.55,30.00,30.38,1578900,29.65
2010-09-13,30.29,30.40,29.75,30.29,1780900,29.57
2010-09-10,0.01,0.01,0.01,0.01,300,0.01
2010-09-09,30.20,30.56,29.77,29.99,2189400,29.27
2010-09-08,29.74,30.31,29.70,30.25,2413400,29.53
2010-09-07,29.70,30.05,29.24,29.64,2911900,28.93
2010-09-06,58.12,58.12,58.12,58.12,000,56.73
2010-09-03,29.00,29.94,28.91,29.91,2662600,29.19
2010-09-02,28.34,28.85,28.24,28.78,2107900,28.09
2010-09-01,28.40,28.85,28.15,28.35,3170200,27.67
2010-08-31,28.03,28.40,27.83,28.02,2618200,27.35
2010-08-30,28.45,28.79,28.14,28.30,2787800,27.62
2010-08-27,28.26,28.69,27.88,28.62,2288000,27.93
2010-08-26,28.35,28.53,27.92,28.08,2506300,27.41
2010-08-25,28.10,28.36,27.61,28.25,3613500,27.58
2010-08-24,28.69,28.70,28.09,28.30,3583800,27.63
2010-08-23,29.24,29.57,28.90,29.00,2762300,28.30
2010-08-20,29.39,29.57,28.85,29.13,2492900,28.43
2010-08-19,29.69,29.69,29.24,29.64,2704400,28.93
2010-08-18,29.61,29.94,29.20,29.72,2485300,29.01
2010-08-17,29.77,29.94,29.37,29.75,1933400,29.04
2010-08-16,29.50,29.84,29.17,29.61,2055900,28.90
2010-08-13,28.95,29.96,28.93,29.70,3063200,28.84
2010-08-12,29.04,29.41,28.90,29.20,3549200,28.36
2010-08-11,30.68,30.68,29.40,29.56,3255500,28.71
2010-08-10,31.14,31.47,30.73,31.32,2429000,30.42
2010-08-09,31.33,31.58,31.13,31.47,2049700,30.56
2010-08-06,31.10,31.28,30.64,31.22,2828700,30.31
2010-08-05,31.03,31.52,30.74,31.47,3126900,30.56
2010-08-04,30.14,31.32,30.09,31.21,4114300,30.31
2010-08-03,29.75,30.33,29.41,30.17,2830800,29.30
2010-08-02,30.13,30.23,29.41,29.77,4739600,28.91
2010-07-30,28.65,29.93,28.41,29.68,6885600,28.82
2010-07-29,28.53,29.00,27.91,28.53,4380300,27.70
2010-07-28,28.44,28.60,28.07,28.19,2187700,27.37
2010-07-27,28.98,29.23,27.89,28.46,2544800,27.64
2010-07-26,27.95,28.81,27.86,28.76,2642000,27.93
2010-07-23,27.91,28.10,27.51,27.99,2739400,27.18
2010-07-22,27.93,28.20,27.71,27.91,2820300,27.11
2010-07-21,27.98,27.98,27.24,27.48,3033600,26.69
2010-07-20,26.71,27.86,26.67,27.78,2955000,26.98
2010-07-19,27.46,27.46,26.77,27.09,3399400,26.31
2010-07-16,0.03,0.03,0.03,0.03,100000,0.03
2010-07-15,27.50,27.74,27.19,27.64,3995800,26.84
2010-07-14,28.03,28.03,27.06,27.50,4830300,26.70
2010-07-13,28.26,28.53,27.99,28.21,3729000,27.40
2010-07-12,28.06,28.20,27.51,27.91,3347100,27.11
2010-07-09,28.15,28.29,27.73,28.17,2513400,27.36
2010-07-08,28.01,28.40,27.64,28.15,4051900,27.34
2010-07-07,27.19,27.90,26.97,27.86,5173900,27.06
2010-07-06,27.71,27.96,26.62,26.87,4059500,26.10
2010-07-05,56.94,56.94,56.94,56.94,000,55.29
2010-07-02,27.79,27.82,26.88,27.08,3980900,26.30
2010-07-01,29.03,29.03,27.26,27.50,7529100,26.70
2010-06-30,29.09,29.65,28.82,28.93,3977000,28.09
2010-06-29,29.70,29.82,28.85,29.09,4314300,28.25
2010-06-28,30.26,30.35,29.70,30.15,3100800,29.28
2010-06-25,28.81,30.20,28.70,30.15,5077800,29.28
2010-06-24,0.03,0.03,0.03,0.03,200000,0.02
2010-06-23,29.08,29.25,28.10,28.80,6188600,27.97
2010-06-22,29.04,29.36,28.57,28.74,4208200,27.91
2010-06-21,29.91,29.91,28.81,29.10,4909200,28.26
2010-06-18,28.55,29.40,28.40,29.13,5700800,28.29
2010-06-17,29.12,29.29,28.34,28.49,6801100,27.66
2010-06-16,27.91,29.09,27.86,28.51,7781900,27.69
2010-06-15,26.45,26.84,26.24,26.82,2496800,26.05
2010-06-14,25.79,26.76,25.73,26.05,3598000,25.30
2010-06-11,25.04,25.58,24.83,25.55,1982000,24.81
2010-06-10,24.28,25.36,24.25,25.29,2812700,24.56
2010-06-09,24.16,24.38,23.56,23.70,2846100,23.01
2010-06-08,24.00,24.44,23.59,23.96,3201400,23.27
2010-06-07,24.30,24.68,23.97,24.03,2695600,23.33
2010-06-04,24.82,25.19,24.08,24.24,3165800,23.54
2010-06-03,24.52,25.52,24.44,25.41,3702100,24.67
2010-06-02,23.73,24.50,23.49,24.49,2770300,23.78
2010-06-01,24.80,25.43,23.56,23.60,4227600,22.92
2010-05-31,53.07,53.07,53.07,53.07,000,51.54
2010-05-28,24.69,25.09,24.30,24.85,3762600,24.13
2010-05-27,23.85,24.86,23.70,24.86,3047900,24.14
2010-05-26,23.64,24.03,23.29,23.35,3521600,22.68
2010-05-25,22.76,23.39,22.42,23.36,3093400,22.69
2010-05-24,23.62,24.09,23.32,23.37,2358700,22.70
2010-05-21,22.42,23.81,22.41,23.60,4731100,22.91
2010-05-20,23.64,23.81,22.95,23.11,3696100,22.44
2010-05-19,24.69,24.79,23.71,24.34,3241400,23.64
2010-05-18,25.56,25.82,24.69,24.86,2454900,24.14
2010-05-17,25.63,25.81,24.64,25.28,2389400,24.55
2010-05-14,26.27,26.27,25.37,25.71,2611100,24.82
2010-05-13,0.02,0.02,0.02,0.02,20000,0.02
2010-05-12,25.48,26.27,25.38,26.22,2197400,25.31
2010-05-11,0.02,0.02,0.02,0.02,148000,0.02
2010-05-10,25.21,25.90,25.17,25.88,3061300,24.99
2010-05-07,0.03,0.03,0.03,0.03,50000,0.02
2010-05-06,26.23,26.47,24.04,25.34,4942800,24.47
2010-05-05,26.15,26.85,25.56,26.36,4091500,25.45
2010-05-04,0.03,0.03,0.03,0.03,52000,0.03
2010-05-03,27.43,27.53,26.67,27.36,4134700,26.41
2010-04-30,0.04,0.04,0.04,0.04,13000,0.03
2010-04-29,25.58,26.35,25.46,26.14,3180800,25.24
2010-04-28,25.26,25.67,25.13,25.52,2852100,24.63
2010-04-27,25.96,26.03,25.09,25.16,3874800,24.29
2010-04-26,25.88,26.21,25.74,25.98,2955000,25.08
2010-04-23,25.31,26.00,25.13,25.98,2373100,25.08
2010-04-22,24.80,25.30,24.74,25.22,2112200,24.35
2010-04-21,25.32,25.49,24.67,25.15,2883900,24.28
2010-04-20,0.04,0.04,0.04,0.04,81000,0.03
2010-04-19,24.25,24.71,24.14,24.66,3742100,23.81
2010-04-16,25.10,25.25,24.26,24.35,6191400,23.51
2010-04-15,25.57,25.90,25.20,25.39,5703700,24.51
2010-04-14,25.21,25.48,25.11,25.39,2825800,24.51
2010-04-12,25.55,25.60,25.02,25.11,2637100,24.24
2010-04-09,0.10,0.10,0.10,0.10,1000,0.10
2010-04-08,25.08,25.13,24.65,25.02,3804800,24.15
2010-04-07,26.07,26.13,25.13,25.29,3877100,24.42
2010-04-06,0.04,0.04,0.04,0.04,1000,0.03
2010-04-05,25.70,26.46,25.61,26.32,3927400,25.41
2010-04-01,24.92,25.72,24.84,25.59,3913800,24.71
2010-03-31,0.04,0.04,0.04,0.04,4500,0.03
2010-03-30,23.86,24.16,23.37,24.15,4358100,23.32
2010-03-29,23.96,24.25,23.76,23.92,2407000,23.09
2010-03-26,24.12,24.32,23.36,23.80,3421200,22.97
2010-03-25,25.26,25.31,24.07,24.07,3269000,23.24
2010-03-24,24.84,25.27,24.69,25.12,2668500,24.25
2010-03-23,24.94,25.14,24.70,25.08,2327900,24.21
2010-03-22,24.39,24.98,24.26,24.93,2158400,24.06
2010-03-19,25.21,25.46,24.45,24.79,4419000,23.93
2010-03-18,25.45,25.77,25.10,25.22,3031600,24.35
2010-03-17,25.33,25.68,25.24,25.53,3028300,24.64
2010-03-16,24.92,25.19,24.67,25.18,2484400,24.31
2010-03-15,24.61,24.79,24.43,24.76,3007000,23.90
2010-03-12,25.10,25.15,24.58,24.73,2663800,23.87
2010-03-11,24.87,25.32,24.57,24.98,4242800,24.11
2010-03-10,24.13,24.99,24.05,24.90,4626800,24.04
2010-03-09,23.70,24.20,23.55,24.03,2665500,23.20
2010-03-08,24.28,24.42,23.76,23.77,3923200,22.95
2010-03-05,23.91,24.32,23.78,24.30,4111900,23.46
2010-03-04,23.53,23.78,23.30,23.69,3365800,22.87
2010-03-03,0.20,0.20,0.20,0.20,2000,0.19
2010-03-02,22.22,22.88,22.10,22.85,3375100,22.06
2010-03-01,22.05,22.23,21.95,22.05,1899000,21.29
2010-02-26,21.93,22.01,21.68,21.94,2251600,21.18
2010-02-25,21.63,21.97,21.42,21.94,2178300,21.18
2010-02-24,21.87,22.11,21.55,22.08,2476400,21.32
2010-02-23,22.46,22.48,21.71,21.76,3459800,21.01
2010-02-22,22.53,22.69,22.31,22.57,2272500,21.79
2010-02-19,22.44,22.56,22.12,22.48,2361800,21.70
2010-02-18,22.26,22.48,21.95,22.41,1664700,21.64
2010-02-17,22.51,22.51,22.12,22.26,1962800,21.49
2010-02-16,21.84,22.49,21.80,22.44,2645100,21.66
2010-02-12,21.35,21.71,21.12,21.57,2215200,20.82
2010-02-11,21.47,21.74,21.17,21.71,2138400,20.81
2010-02-10,21.38,21.61,20.97,21.52,1858200,20.63
2010-02-09,21.14,21.63,21.03,21.50,2801000,20.61
2010-02-08,21.34,21.57,20.95,20.97,3513800,20.10
2010-02-05,21.13,21.57,20.50,21.33,5545100,20.45
2010-02-04,21.88,21.88,21.12,21.36,4773200,20.48
2010-02-03,22.61,22.70,21.98,22.04,4199100,21.13
2010-02-02,22.30,22.95,22.12,22.71,4109000,21.78
2010-02-01,21.04,22.19,21.04,22.16,3541200,21.25
2010-01-29,21.39,21.87,20.85,20.87,3737500,20.01
2010-01-28,21.61,21.72,21.09,21.33,2079500,20.45
2010-01-27,21.77,21.95,21.07,21.54,2842500,20.65
2010-01-26,21.67,22.21,21.57,21.90,2486400,20.99
2010-01-25,21.93,22.24,21.44,21.69,2273500,20.80
2010-01-22,22.37,22.49,21.67,21.76,2440300,20.87
2010-01-21,22.90,23.16,22.36,22.41,3069800,21.48
2010-01-20,22.82,23.30,22.65,23.01,2838500,22.06
2010-01-19,22.68,23.07,22.52,23.03,2376200,22.08
2010-01-15,22.65,22.81,22.46,22.76,2326600,21.82
2010-01-14,22.54,22.84,22.51,22.66,1975700,21.73
2010-01-13,22.61,22.68,22.07,22.51,3250100,21.58
2010-01-12,23.13,23.20,22.34,22.76,5558400,21.82
2010-01-11,24.15,24.16,23.45,23.60,2411000,22.63
2010-01-08,24.01,24.04,23.69,24.01,1920500,23.02
2010-01-07,23.75,24.36,23.30,24.14,3310300,23.15
2010-01-06,23.40,23.99,23.24,23.89,3741800,22.90
2010-01-05,23.36,23.75,23.07,23.45,4060500,22.48
2010-01-04,22.54,23.08,22.11,23.02,3894700,22.07
2009-12-31,21.66,21.90,21.35,21.72,2013200,20.82
2009-12-30,21.21,21.71,21.09,21.65,2001200,20.76
2009-12-29,21.32,21.32,21.03,21.18,1160900,20.31
2009-12-28,21.49,21.55,21.12,21.24,1287300,20.36
2009-12-24,21.32,21.52,21.04,21.49,733200,20.60
2009-12-23,21.49,21.51,21.17,21.23,1897100,20.36
2009-12-22,21.48,21.63,21.34,21.48,1222400,20.60
2009-12-21,21.26,21.64,21.18,21.53,2268000,20.64
2009-12-18,21.21,21.24,20.18,21.23,3325100,20.36
2009-12-17,21.08,21.32,21.02,21.03,2951600,20.17
2009-12-16,21.53,21.60,21.19,21.26,2530800,20.38
2009-12-15,21.66,21.95,21.31,21.36,2568800,20.48
2009-12-14,22.04,22.05,21.58,21.74,2490600,20.84
2009-12-11,21.79,21.87,21.47,21.74,2092200,20.84
2009-12-10,21.69,21.95,21.56,21.77,2516500,20.88
2009-12-09,21.63,21.90,21.27,21.40,2679900,20.52
2009-12-08,21.43,21.87,21.31,21.56,2748300,20.67
2009-12-07,21.41,22.05,21.39,21.52,2181100,20.64
2009-12-04,21.36,21.73,21.07,21.56,2490500,20.67
2009-12-03,21.38,21.53,21.21,21.24,1936100,20.36
2009-12-02,21.37,21.61,21.25,21.32,3396300,20.44
2009-12-01,21.19,21.41,21.01,21.37,3003900,20.48
2009-11-30,21.10,21.32,20.85,20.97,2527800,20.10
2009-11-27,21.01,21.34,20.76,21.16,1464600,20.28
2009-11-25,21.33,21.68,21.15,21.62,2343900,20.72
2009-11-24,21.27,21.42,20.97,21.32,3442600,20.44
2009-11-23,21.76,22.01,21.13,21.36,3647000,20.48
2009-11-20,21.24,21.72,21.12,21.57,6998800,20.68
2009-11-19,21.75,21.78,21.11,21.25,3010100,20.37
2009-11-18,21.95,22.35,21.67,21.86,2603600,20.96
2009-11-17,21.98,22.07,21.58,21.86,2793500,20.96
2009-11-16,22.39,22.57,21.86,21.99,3737100,21.08
2009-11-13,22.26,22.37,21.52,22.20,6107000,21.28
2009-11-12,23.10,23.30,22.58,22.65,3039000,21.71
2009-11-11,23.12,23.52,22.98,23.10,2628800,22.15
2009-11-10,22.95,23.03,22.56,22.90,5100300,21.95
2009-11-09,23.78,23.89,22.80,22.98,7614000,22.03
2009-11-06,24.64,24.83,23.18,23.47,9721000,22.50
2009-11-05,25.48,26.22,25.48,26.14,4054300,24.78
2009-11-04,26.44,26.73,25.45,25.53,3122100,24.19
2009-11-03,25.35,26.20,25.20,26.15,2052400,24.78
2009-11-02,25.81,26.42,25.14,25.71,2503600,24.37
2009-10-30,26.49,26.89,25.45,25.63,3691200,24.29
2009-10-29,26.33,26.63,26.12,26.58,3431900,25.19
2009-10-28,26.62,26.78,25.83,25.97,4293500,24.62
2009-10-27,27.21,27.55,26.66,26.71,2929200,25.31
2009-10-26,27.61,28.45,27.07,27.19,2513300,25.77
2009-10-23,28.20,28.70,27.42,27.56,3793400,26.12
2009-10-22,27.32,28.13,27.19,28.06,2857400,26.60
2009-10-21,27.04,28.09,27.04,27.43,3627500,26.00
2009-10-20,27.36,28.06,26.83,27.39,5667400,25.96
2009-10-19,27.43,27.43,26.95,27.22,3688700,25.80
2009-10-16,26.76,27.20,26.50,27.13,5167000,25.71
2009-10-15,24.64,27.33,24.62,27.29,9288100,25.86
2009-10-14,25.25,25.26,24.61,24.79,4028300,23.49
2009-10-13,24.95,25.20,24.40,24.97,2931400,23.66
2009-10-12,24.69,25.35,24.48,24.81,4104000,23.51
2009-10-09,24.14,24.49,24.14,24.34,2630500,23.07
2009-10-08,23.74,24.50,23.74,24.27,4848000,23.00
2009-10-07,22.56,23.83,22.56,23.70,5314800,22.46
2009-10-06,23.65,23.80,22.99,23.20,2790000,21.99
2009-10-05,22.52,23.36,22.42,23.35,2909900,22.13
2009-10-02,22.29,22.93,22.27,22.57,2954200,21.39
2009-10-01,23.65,23.70,22.84,22.90,4274000,21.70
2009-09-30,23.45,24.13,22.82,23.67,6441700,22.43
2009-09-29,23.39,23.55,22.86,23.26,3646400,22.05
2009-09-28,23.22,23.45,22.88,23.40,2818800,22.17
2009-09-25,22.61,23.30,22.47,23.09,4901800,21.88
2009-09-24,22.71,22.82,22.08,22.21,3025700,21.05
2009-09-23,23.25,23.53,22.57,22.70,3490900,21.51
2009-09-22,23.54,23.55,22.91,23.24,3194400,22.02
2009-09-21,23.29,23.50,22.73,23.12,2368000,21.91
2009-09-18,23.94,24.13,23.25,23.66,3884500,22.43
2009-09-17,23.20,24.75,23.02,23.90,6636800,22.65
2009-09-16,22.99,23.35,22.88,23.30,3242100,22.08
2009-09-15,23.20,23.24,22.71,22.82,3191100,21.63
2009-09-14,22.61,23.09,22.30,23.09,2060700,21.88
2009-09-11,22.44,22.95,22.44,22.88,3125900,21.68
2009-09-10,21.82,22.51,21.63,22.46,4319700,21.28
2009-09-09,22.19,22.21,21.64,21.75,2248000,20.61
2009-09-08,22.28,22.45,22.00,22.12,3923700,20.97
2009-09-04,21.49,21.96,21.34,21.92,1723600,20.78
2009-09-03,21.23,21.50,20.94,21.50,2843000,20.38
2009-09-02,21.31,21.54,21.03,21.03,3220500,19.93
2009-09-01,22.30,22.58,21.27,21.33,5830600,20.22
2009-08-31,22.46,22.56,21.90,22.38,3818300,21.21
2009-08-28,23.15,23.33,22.62,22.81,2275100,21.61
2009-08-27,22.94,23.16,22.61,23.09,3023500,21.88
2009-08-26,21.80,23.15,21.80,23.04,5393500,21.83
2009-08-25,21.86,22.27,21.70,21.94,2632100,20.79
2009-08-24,21.96,22.12,21.64,21.73,3983700,20.60
2009-08-21,21.80,21.82,21.48,21.67,5717100,20.54
2009-08-20,21.04,21.63,21.02,21.59,3085900,20.46
2009-08-19,20.76,21.31,20.68,21.03,3180700,19.93
2009-08-18,20.73,21.10,20.66,20.97,2144700,19.87
2009-08-17,21.05,21.05,20.51,20.68,4438000,19.59
2009-08-14,21.76,21.84,21.12,21.54,3012700,20.41
2009-08-13,21.63,21.81,21.47,21.76,2697400,20.63
2009-08-12,21.38,21.80,21.36,21.42,3309500,20.30
2009-08-11,21.81,21.84,21.26,21.43,2922200,20.31
2009-08-10,21.44,21.81,21.44,21.80,3178900,20.66
2009-08-07,21.22,21.76,21.04,21.70,5173000,20.56
2009-08-06,21.72,21.72,21.06,21.30,5762300,19.90
2009-08-05,21.69,22.21,21.22,21.96,4596500,20.52
2009-08-04,21.25,21.58,20.91,21.57,3168700,20.16
2009-08-03,20.87,21.46,20.49,21.29,4047600,19.89
2009-07-31,20.34,20.69,20.07,20.54,2912000,19.19
2009-07-30,20.53,20.84,20.21,20.58,2626700,19.23
2009-07-29,20.31,20.55,20.03,20.23,3235000,18.91
2009-07-28,20.79,20.83,20.37,20.63,3300700,19.27
2009-07-27,20.53,21.26,20.49,21.08,3781200,19.70
2009-07-24,20.18,20.66,20.15,20.42,3106900,19.08
2009-07-23,19.50,20.38,19.47,20.34,4749200,19.01
2009-07-22,19.54,19.67,19.28,19.49,2889500,18.21
2009-07-21,19.84,19.87,19.47,19.78,2710300,18.48
2009-07-20,19.82,19.88,19.29,19.60,3604900,18.32
2009-07-17,19.48,19.66,19.33,19.47,3159200,18.19
2009-07-16,19.27,19.53,18.99,19.42,2909900,18.14
2009-07-15,19.08,19.46,19.08,19.32,3408400,18.05
2009-07-14,18.77,18.89,18.35,18.84,4318200,17.61
2009-07-13,18.43,18.62,18.04,18.60,2344000,17.38
2009-07-10,18.27,18.48,18.00,18.38,3818600,17.17
2009-07-09,18.52,18.98,18.39,18.55,5011700,17.34
2009-07-08,18.27,18.35,17.85,18.12,6470200,16.93
2009-07-07,18.56,18.60,18.11,18.19,5113800,16.99
2009-07-06,18.86,18.92,18.23,18.50,4808600,17.29
2009-07-02,19.30,19.40,18.80,19.30,3259300,18.04
2009-07-01,19.39,19.94,19.33,19.57,4054800,18.28
2009-06-30,19.14,19.35,18.81,19.30,5288000,18.04
2009-06-29,19.73,19.73,19.25,19.38,3856800,18.11
2009-06-26,19.78,19.80,19.29,19.39,4349700,18.12
2009-06-25,19.02,19.89,18.99,19.83,4485800,18.53
2009-06-24,19.80,19.80,18.85,19.04,5874200,17.80
2009-06-23,19.83,19.91,19.38,19.65,4777200,18.36
2009-06-22,20.08,20.15,19.52,19.52,4961600,18.24
2009-06-19,21.21,21.21,20.31,20.35,4075100,19.02
2009-06-18,20.75,21.04,20.60,20.80,2510600,19.44
2009-06-17,21.28,21.28,20.50,20.76,4569500,19.40
2009-06-16,21.92,22.22,21.23,21.42,4450400,20.02
2009-06-15,21.98,21.98,21.46,21.76,4653800,20.34
2009-06-12,22.12,22.24,21.76,21.99,3852800,20.55
2009-06-11,23.01,23.20,22.45,22.51,4076100,21.03
2009-06-10,23.63,23.63,22.66,22.99,3789100,21.48
2009-06-09,23.73,23.73,23.21,23.28,2525600,21.75
2009-06-08,23.14,23.44,22.94,23.27,2883800,21.74
2009-06-05,24.19,24.21,23.16,23.45,4811900,21.91
2009-06-04,23.50,24.24,23.35,23.94,4258600,22.37
2009-06-03,24.13,24.38,22.71,23.32,7868200,21.79
2009-06-02,25.29,25.62,25.12,25.21,3696300,23.56
2009-06-01,25.95,26.17,25.29,25.40,5803000,23.73
2009-05-29,24.74,25.41,24.49,25.32,6228500,23.66
2009-05-28,23.88,24.55,23.46,24.30,4286700,22.71
2009-05-27,22.66,24.06,22.66,23.57,6352700,22.02
2009-05-26,22.34,22.85,22.21,22.61,4217500,21.12
2009-05-22,23.27,23.30,22.71,22.78,1900600,21.29
2009-05-21,23.77,24.09,22.59,22.82,5072200,21.32
2009-05-20,24.29,24.95,24.03,24.06,4325100,22.48
2009-05-19,23.70,24.13,23.45,23.89,3979500,22.33
2009-05-18,24.13,24.26,23.45,23.62,5234400,22.07
2009-05-15,24.48,24.78,23.24,23.44,5068600,21.90
2009-05-14,24.11,24.93,23.86,24.49,4959900,22.89
2009-05-13,24.36,25.13,23.78,24.53,4159200,22.92
2009-05-12,25.42,25.44,23.99,24.63,3400400,23.01
2009-05-11,25.57,25.57,24.76,25.03,3972400,23.38
2009-05-08,25.45,26.50,25.27,26.17,5162500,24.46
2009-05-07,26.81,27.24,24.59,24.97,5774300,23.33
2009-05-06,25.65,26.31,25.20,26.16,4964900,24.16
2009-05-05,24.76,25.37,24.19,25.12,5122400,23.20
2009-05-04,23.84,24.90,23.65,24.87,5016900,22.97
2009-05-01,22.14,23.77,22.05,23.55,5118800,21.76
2009-04-30,22.75,22.88,21.94,22.06,3667200,20.37
2009-04-29,22.53,22.85,22.22,22.42,4255800,20.71
2009-04-28,22.06,22.81,22.03,22.41,2684100,20.70
2009-04-27,22.95,22.95,21.94,22.29,3838300,20.59
2009-04-24,23.10,23.59,22.91,23.22,3305900,21.45
2009-04-23,22.85,23.04,22.35,23.00,3618500,21.24
2009-04-22,22.61,23.29,22.39,22.40,4354200,20.69
2009-04-21,22.10,22.88,21.94,22.86,5059400,21.12
2009-04-20,22.95,23.10,22.00,22.11,3291800,20.43
2009-04-17,23.57,24.00,23.23,23.42,3050700,21.63
2009-04-16,23.15,23.71,22.55,23.56,2907400,21.76
2009-04-15,22.93,23.35,22.69,23.10,3527600,21.34
2009-04-14,23.49,23.74,22.88,23.10,3149000,21.33
2009-04-13,23.83,23.89,22.96,23.70,3260300,21.89
2009-04-09,24.05,24.29,23.71,24.15,2566900,22.31
2009-04-08,23.22,23.66,22.76,23.46,3215000,21.67
2009-04-07,23.65,24.25,23.30,23.45,4612300,21.66
2009-04-06,23.47,23.61,22.71,23.52,3479100,21.73
2009-04-03,23.40,23.94,22.85,23.75,3549400,21.93
2009-04-02,22.70,23.80,22.63,23.43,3706400,21.64
2009-04-01,21.62,22.43,21.55,22.03,4113600,20.35
2009-03-31,22.46,22.47,21.50,22.03,4668100,20.35
2009-03-30,22.30,22.36,21.46,22.06,4937400,20.37
2009-03-27,23.57,23.57,22.56,22.66,3113100,20.93
2009-03-26,23.50,24.34,23.45,24.00,5646500,22.17
2009-03-25,22.92,23.61,22.26,23.06,3928900,21.30
2009-03-24,23.65,23.84,22.56,22.71,4079600,20.97
2009-03-23,23.05,23.99,22.63,23.99,4587800,22.16
2009-03-20,23.99,24.07,22.16,22.36,3404900,20.65
2009-03-19,23.41,24.54,23.30,23.80,5677500,21.99
2009-03-18,23.55,23.55,21.91,23.10,3997200,21.34
2009-03-17,23.46,23.50,22.28,23.40,4592500,21.62
2009-03-16,23.51,24.03,23.25,23.40,3841400,21.61
2009-03-13,24.41,24.41,22.44,23.20,5270300,21.43
2009-03-12,23.63,24.27,23.10,24.22,4084900,22.37
2009-03-11,24.17,24.43,22.96,23.57,3706300,21.77
2009-03-10,23.64,24.42,23.02,23.99,5109200,22.16
2009-03-09,22.37,23.47,22.01,22.66,5750200,20.93
2009-03-06,23.93,24.39,22.10,22.69,6491100,20.96
2009-03-05,24.72,25.08,23.53,23.78,4407100,21.96
2009-03-04,25.46,26.08,24.84,25.28,5112500,23.35
2009-03-03,25.13,25.97,24.74,24.85,5007700,22.96
2009-03-02,27.04,27.27,24.81,24.88,5259900,22.98
2009-02-27,28.11,28.83,27.06,27.83,4082400,25.71
2009-02-26,29.77,30.16,28.45,28.85,3547600,26.65
2009-02-25,28.54,29.88,28.01,29.17,5356800,26.94
2009-02-24,27.88,28.88,27.60,28.70,4720000,26.51
2009-02-23,27.95,28.67,26.71,26.98,4548800,24.92
2009-02-20,27.75,28.14,26.61,27.54,4879700,25.44
2009-02-19,29.52,29.74,28.16,28.35,3672100,26.18
2009-02-18,30.16,30.59,28.48,28.78,3922000,26.58
2009-02-17,29.21,30.57,29.21,29.81,6507400,27.54
2009-02-16,42.81,42.81,42.81,42.81,000,39.54
2009-02-13,31.58,31.69,30.48,30.73,2814500,28.38
2009-02-12,30.78,31.67,30.29,31.67,4284700,29.26
2009-02-11,31.30,32.30,30.50,31.11,4263300,28.73
2009-02-10,33.76,33.92,30.64,30.91,5277500,28.55
2009-02-09,33.59,34.26,33.26,33.50,4169300,30.95
2009-02-06,34.21,34.26,32.52,33.13,5648100,30.60
2009-02-05,35.55,36.14,33.88,34.21,8339400,31.60
2009-02-04,37.49,38.45,36.28,37.36,4659700,34.24
2009-02-03,36.20,38.04,36.06,37.18,4989600,34.07
2009-02-02,37.84,37.84,35.24,35.96,5530000,32.95
2009-01-30,38.69,39.08,37.45,38.54,5694100,35.31
2009-01-29,38.07,39.35,37.83,38.26,5538900,35.06
2009-01-28,37.31,39.44,36.25,39.28,7527800,35.99
2009-01-27,35.90,37.36,35.15,36.96,5912400,33.86
2009-01-26,34.86,37.53,34.73,36.69,5771900,33.62
2009-01-23,31.80,35.34,31.76,34.85,5915300,31.93
2009-01-22,33.39,34.99,32.41,32.87,7410400,30.12
2009-01-21,33.22,34.81,33.22,34.07,6355300,31.22
2009-01-20,34.39,34.44,32.48,32.76,6264600,30.02
2009-01-19,36.47,36.47,36.47,36.47,000,33.42
2009-01-16,34.47,35.57,33.69,35.20,6049200,32.25
2009-01-15,33.11,33.85,31.34,33.20,6830900,30.42
2009-01-14,34.44,34.44,32.84,33.28,6701500,30.49
2009-01-13,35.14,35.57,34.39,35.09,6257400,32.16
2009-01-12,34.88,35.42,33.99,34.30,4573800,31.43
2009-01-09,36.30,36.30,34.85,35.07,3647200,32.13
2009-01-08,35.26,36.50,35.09,36.05,5383500,33.03
2009-01-07,36.34,36.55,34.34,35.19,4725900,32.24
2009-01-06,38.00,38.80,36.50,36.72,7360100,33.65
2009-01-05,36.43,38.80,36.43,37.47,6801100,34.34
2009-01-02,35.27,36.67,35.00,36.51,3497900,33.45
2008-12-31,36.00,36.77,35.25,36.16,2693000,33.13
2008-12-30,35.35,35.82,33.87,35.82,2874500,32.82
2008-12-29,35.78,36.60,34.99,35.35,2460000,32.39
2008-12-26,35.29,35.51,34.20,35.38,1292000,32.42
2008-12-24,34.15,35.28,33.60,35.04,1203100,32.10
2008-12-23,34.99,35.73,33.78,34.24,3235200,31.38
2008-12-22,34.79,36.09,34.41,34.89,6685300,31.97
2008-12-19,33.43,35.83,32.95,35.19,4928600,32.25
2008-12-18,34.44,35.58,32.86,33.15,5782700,30.37
2008-12-17,31.78,35.44,31.47,34.15,5825800,31.29
2008-12-16,29.89,32.45,29.77,32.29,6566600,29.59
2008-12-15,30.79,31.61,28.25,28.91,5370300,26.49
2008-12-12,29.95,30.88,29.13,29.91,4482500,27.41
2008-12-11,31.36,32.85,30.49,30.83,3844800,28.25
2008-12-10,31.72,33.17,30.75,31.50,4805000,28.86
2008-12-09,30.57,32.87,30.57,31.25,3860600,28.63
2008-12-08,30.93,32.49,30.58,32.04,3509500,29.36
2008-12-05,27.65,30.05,26.30,29.89,4661200,27.38
2008-12-04,28.93,30.73,27.17,28.02,4006900,25.68
2008-12-03,27.60,29.84,27.60,29.36,5282200,26.90
2008-12-02,29.86,30.28,27.29,29.12,7079600,26.68
2008-12-01,31.51,31.75,29.18,29.29,6023800,26.83
2008-11-28,32.22,33.12,31.17,33.06,1547600,30.29
2008-11-27,33.12,33.12,33.12,33.12,000,30.35
2008-11-26,30.02,32.61,29.73,32.51,4033800,29.78
2008-11-25,31.08,31.16,28.99,30.32,4624200,27.78
2008-11-24,28.70,30.99,27.06,29.91,5532100,27.41
2008-11-21,24.27,28.40,24.27,28.18,8584700,25.82
2008-11-20,27.02,27.16,23.49,23.64,7863700,21.66
2008-11-19,29.99,30.07,26.62,27.62,8842900,25.31
2008-11-18,30.60,32.86,29.89,31.64,8040100,28.99
2008-11-17,31.45,31.45,29.89,30.39,6822100,27.85
2008-11-14,28.78,33.11,28.77,31.59,10010700,28.95
2008-11-13,25.98,30.00,25.33,29.96,6865300,27.45
2008-11-12,25.58,26.73,25.45,26.25,7549600,24.05
2008-11-11,26.94,27.11,25.58,26.22,4491200,24.02
2008-11-10,27.32,27.80,26.42,27.56,3265400,25.26
2008-11-07,25.23,26.52,24.40,26.42,4053300,24.21
2008-11-06,26.61,26.61,23.62,24.99,5031100,22.90
2008-11-05,24.56,26.60,24.56,25.45,4237100,23.04
2008-11-04,26.17,26.21,24.85,25.70,6647300,23.27
2008-11-03,25.38,26.25,23.75,24.60,4597200,22.28
2008-10-31,24.07,26.27,23.46,25.38,7288300,22.98
2008-10-30,23.08,25.06,22.80,24.54,3530700,22.22
2008-10-29,23.00,24.03,22.02,22.76,4197900,20.60
2008-10-28,20.74,22.73,19.97,22.64,3926600,20.50
2008-10-27,19.77,21.32,19.19,20.06,3851600,18.16
2008-10-24,19.17,21.36,19.05,20.13,5157200,18.22
2008-10-23,21.64,22.05,19.55,21.68,6497400,19.63
2008-10-22,23.22,23.35,20.36,21.32,4767500,19.31
2008-10-21,22.66,25.13,22.66,23.71,5111300,21.47
2008-10-20,21.57,23.60,21.47,23.56,4135800,21.33
2008-10-17,20.28,22.46,19.73,20.92,4323600,18.95
2008-10-16,22.47,23.78,19.39,21.06,9412000,19.07
2008-10-15,25.33,25.84,22.05,22.25,6307400,20.14
2008-10-14,25.93,27.75,24.89,25.81,6080000,23.37
2008-10-13,23.12,26.13,21.85,25.63,5517000,23.21
2008-10-10,18.16,22.70,17.72,21.07,8707200,19.07
2008-10-09,22.56,23.52,20.53,20.60,7490500,18.65
2008-10-08,20.27,22.92,19.41,21.89,8015100,19.82
2008-10-07,23.73,25.13,21.78,21.84,6744900,19.78
2008-10-06,24.39,24.39,20.68,23.10,7602400,20.91
2008-10-03,27.02,28.35,25.06,25.42,4640600,23.01
2008-10-02,28.52,28.78,25.97,26.05,3333700,23.59
2008-10-01,29.39,29.42,27.53,28.90,5620300,26.16
2008-09-30,29.78,30.78,28.92,29.60,4386700,26.80
2008-09-29,32.32,33.02,27.94,29.44,5970100,26.66
2008-09-26,32.32,34.11,32.25,33.43,3568800,30.27
2008-09-25,32.90,33.90,32.23,33.80,2604500,30.61
2008-09-24,32.35,33.57,31.29,32.21,4170700,29.17
2008-09-23,32.12,33.89,31.70,32.19,4300900,29.15
2008-09-22,35.22,35.58,32.27,32.36,4124700,29.30
2008-09-19,35.56,37.15,33.28,34.66,8267200,31.38
2008-09-18,33.49,35.48,32.50,34.15,11338300,30.92
2008-09-17,32.45,34.80,31.58,32.86,9866800,29.75
2008-09-16,30.69,33.11,29.74,32.48,11140800,29.41
2008-09-15,37.02,37.02,31.01,31.77,12258900,28.76
2008-09-12,39.99,41.13,39.40,39.81,10178300,36.05
2008-09-11,36.52,39.94,36.02,39.65,8863000,35.90
2008-09-10,34.56,35.62,33.13,35.28,5590800,31.95
2008-09-09,34.84,36.13,34.00,34.10,7547200,30.88
2008-09-08,35.75,36.55,34.71,36.23,4584700,32.81
2008-09-05,35.12,35.24,33.14,34.73,3831000,31.44
2008-09-04,35.80,35.98,33.95,34.62,3613200,31.35
2008-09-03,34.11,36.03,33.80,35.68,4428400,32.30
2008-09-02,37.37,37.44,34.07,34.10,6903900,30.87
2008-09-01,32.56,32.56,32.56,32.56,000,29.48
2008-08-29,36.12,37.20,35.20,36.92,6012500,33.43
2008-08-28,35.85,35.98,34.15,35.12,3254500,31.80
2008-08-27,34.24,36.62,33.98,35.22,5555300,31.89
2008-08-26,33.06,34.37,32.99,33.58,2972500,30.40
2008-08-25,33.02,33.94,32.61,32.83,2494400,29.73
2008-08-22,33.62,33.88,32.46,33.11,3510200,29.98
2008-08-21,34.60,34.76,33.55,33.56,4133500,30.39
2008-08-20,34.82,35.18,33.13,34.94,5777600,31.64
2008-08-19,33.55,34.71,32.93,34.59,5952800,31.32
2008-08-18,37.06,37.25,33.55,33.78,5989600,30.59
2008-08-15,36.19,37.44,36.07,37.09,3579500,33.58
2008-08-14,36.94,37.87,35.79,36.08,4280100,32.66
2008-08-13,38.01,38.40,37.31,37.67,5619600,34.11
2008-08-12,38.45,38.89,37.18,37.34,3743000,33.81
2008-08-11,38.06,38.31,36.65,37.96,5633400,34.37
2008-08-08,35.23,38.38,34.57,37.74,8596300,34.17
2008-08-07,37.51,37.93,34.76,35.19,8159800,31.87
2008-08-06,34.54,37.08,34.24,36.01,6730800,32.33
2008-08-05,32.80,35.09,32.78,34.85,4978800,31.29
2008-08-04,33.98,33.98,32.58,33.11,4258500,29.73
2008-08-01,34.15,34.22,32.71,33.67,5088100,30.23
2008-07-31,35.03,35.14,33.27,33.79,6749300,30.34
2008-07-30,30.94,35.56,30.91,35.38,12873100,31.77
2008-07-29,30.90,31.13,29.74,30.91,7298900,27.75
2008-07-28,29.12,30.98,28.91,30.61,7751500,27.48
2008-07-25,28.80,29.64,28.65,28.85,4407500,25.90
2008-07-24,29.84,30.67,28.71,28.80,4564500,25.86
2008-07-23,32.03,32.08,29.62,29.90,6023100,26.85
2008-07-22,31.56,32.27,30.50,31.85,5921600,28.60
2008-07-21,30.73,32.27,30.50,31.92,6157500,28.66
2008-07-18,29.34,30.78,29.05,30.53,6699100,27.42
2008-07-17,29.30,30.67,29.20,30.52,8929700,27.40
2008-07-16,28.42,29.29,27.87,28.67,7923300,25.74
2008-07-15,27.71,29.22,26.36,28.15,8757400,25.27
2008-07-14,28.80,29.33,27.46,27.70,5717000,24.87
2008-07-11,29.39,29.42,27.85,28.86,6840900,25.92
2008-07-10,29.87,30.47,29.28,29.93,6456600,26.87
2008-07-09,33.00,33.43,30.15,30.29,6085500,27.20
2008-07-08,33.70,34.10,32.18,32.98,6129900,29.61
2008-07-07,33.57,34.22,32.68,33.56,7521600,30.14
2008-07-04,29.10,29.10,29.10,29.10,000,26.13
2008-07-03,33.61,34.07,32.45,33.02,3462300,29.65
2008-07-02,34.22,35.56,34.01,34.03,11221700,30.55
2008-07-01,32.61,34.04,32.39,33.86,6927600,30.41
2008-06-30,30.93,34.10,30.79,33.85,9138800,30.40
2008-06-27,31.74,32.08,30.54,31.18,5156500,28.00
2008-06-26,32.28,32.64,31.50,31.57,4841500,28.34
2008-06-25,32.24,33.69,31.69,33.25,6592100,29.86
2008-06-24,33.06,33.25,30.98,32.21,8496800,28.93
2008-06-23,33.49,34.15,32.46,33.45,5773100,30.04
2008-06-20,32.94,33.00,31.97,32.31,4513800,29.01
2008-06-19,32.99,33.30,32.06,33.07,5573900,29.70
2008-06-18,33.39,33.43,31.95,32.30,3720200,29.00
2008-06-17,32.97,33.84,32.66,33.64,4199700,30.20
2008-06-16,33.94,33.94,31.97,32.32,6697200,29.02
2008-06-13,33.16,34.07,33.16,33.78,3454400,30.33
2008-06-12,33.36,34.45,33.06,33.40,5990700,29.99
2008-06-11,33.28,33.65,32.05,33.43,6499800,30.02
2008-06-10,34.03,34.60,32.70,33.13,5677200,29.75
2008-06-09,34.85,35.17,33.62,34.43,4661900,30.91
2008-06-06,36.74,36.97,34.32,34.69,7426100,31.15
2008-06-05,37.12,37.12,35.78,36.70,6507000,32.95
2008-06-04,40.55,40.83,36.57,36.79,9383300,33.04
2008-06-03,39.54,40.64,38.64,40.46,9123500,36.33
2008-06-02,37.31,39.61,37.18,39.47,6650200,35.44
2008-05-30,36.94,37.15,36.29,37.00,5810200,33.22
2008-05-29,37.77,37.77,36.36,36.71,4440300,32.96
2008-05-28,36.86,38.03,36.82,37.90,3604400,34.03
2008-05-27,37.01,37.12,36.24,36.62,3231500,32.88
2008-05-26,32.64,32.64,32.64,32.64,000,29.31
2008-05-23,38.45,38.62,36.68,37.15,3601900,33.36
2008-05-22,37.51,38.60,37.45,38.13,4367800,34.24
2008-05-21,38.24,38.93,37.16,37.22,3721100,33.42
2008-05-20,38.10,38.24,37.02,38.21,3660400,34.31
2008-05-19,37.00,38.13,36.77,37.62,3856500,33.78
2008-05-16,37.65,37.94,36.52,37.05,4243600,33.27
2008-05-15,38.16,38.20,36.87,37.60,4127500,33.76
2008-05-14,37.31,38.49,37.12,37.60,4128800,33.76
2008-05-13,38.06,38.08,36.91,37.18,6061200,33.39
2008-05-12,36.32,38.36,36.32,38.16,4865500,34.27
2008-05-09,36.46,36.50,35.83,36.36,3976700,32.65
2008-05-08,37.38,37.39,35.46,36.62,5364800,32.89
2008-05-07,37.23,38.21,37.03,37.13,5467500,33.34
2008-05-06,37.68,37.98,36.51,37.41,5613800,33.33
2008-05-05,38.70,39.12,38.08,39.02,3860200,34.76
2008-05-02,40.44,40.44,38.21,38.51,4080100,34.30
2008-05-01,38.28,40.19,37.31,39.76,7214300,35.42
2008-04-30,39.81,40.59,38.55,38.61,5140700,34.39
2008-04-29,40.53,40.68,38.15,39.81,9006700,35.46
2008-04-28,42.30,42.43,39.85,40.82,8190700,36.36
2008-04-25,43.11,43.41,41.61,42.32,2909700,37.70
2008-04-24,43.26,43.85,42.09,42.48,3848100,37.84
2008-04-23,44.17,44.99,43.40,43.51,3306900,38.75
2008-04-22,45.75,45.75,43.98,44.26,3564600,39.43
2008-04-21,46.02,46.87,45.49,45.49,3274400,40.52
2008-04-18,46.88,47.34,46.03,46.30,2742600,41.24
2008-04-17,45.27,46.95,44.85,46.38,2211800,41.31
2008-04-16,43.39,46.06,43.39,45.71,4043700,40.71
2008-04-15,43.80,44.28,42.51,43.31,1878000,38.57
2008-04-14,43.40,44.00,43.19,43.56,1906300,38.80
2008-04-11,43.57,44.20,42.61,42.81,3438500,38.13
2008-04-10,44.50,45.09,43.26,44.01,3015100,39.20
2008-04-09,43.90,44.93,43.82,44.61,5622600,39.74
2008-04-08,42.66,44.56,42.66,43.55,1996200,38.79
2008-04-07,43.85,44.59,43.46,43.93,3272700,39.13
2008-04-04,44.65,45.01,43.26,43.48,3116000,38.73
2008-04-03,45.54,46.31,44.06,44.51,4279700,39.65
2008-04-02,45.82,47.01,45.46,45.95,4244000,40.93
2008-04-01,43.63,45.61,43.61,45.56,3472800,40.58
2008-03-31,43.38,43.89,42.81,43.65,2839400,38.88
2008-03-28,42.48,44.21,42.38,43.48,4088400,38.73
2008-03-27,45.33,45.42,42.12,42.36,5314900,37.73
2008-03-26,45.63,46.54,44.38,44.63,5907400,39.75
2008-03-25,47.19,48.35,45.40,45.70,6347200,40.71
2008-03-24,46.69,49.07,46.24,47.86,4581500,42.63
2008-03-20,44.10,46.64,44.10,46.33,7384600,41.26
2008-03-19,44.01,46.76,42.44,44.77,9125100,39.88
2008-03-18,41.60,43.23,41.54,43.21,4290000,38.49
2008-03-17,42.07,43.13,39.88,40.70,4742500,36.25
2008-03-14,45.58,45.73,42.48,43.49,3756700,38.74
2008-03-13,43.62,45.39,43.55,45.17,4125400,40.23
2008-03-12,47.22,47.22,44.05,44.32,6399600,39.48
2008-03-11,47.38,47.86,46.32,47.83,3588600,42.60
2008-03-10,46.72,47.66,45.62,46.18,3177100,41.14
2008-03-07,47.30,48.16,46.26,46.67,3519800,41.57
2008-03-06,50.65,50.71,47.52,47.59,896500,42.39
2008-03-05,50.84,51.31,49.45,50.81,3455200,45.26
2008-03-04,50.69,51.67,49.44,50.51,4424000,44.99
2008-03-03,50.74,52.02,50.46,51.29,1552100,45.69
2008-02-29,51.71,52.07,50.47,50.82,3272000,45.26
2008-02-28,54.16,54.41,51.79,52.37,3600900,46.65
2008-02-27,55.47,55.98,54.40,54.57,2891300,48.61
2008-02-26,53.66,56.11,53.59,55.69,2284500,49.61
2008-02-25,52.55,54.46,52.21,54.00,2444800,48.10
2008-02-22,53.30,53.52,51.10,52.91,3277700,47.13
2008-02-21,53.51,55.19,53.01,53.11,2629600,47.30
2008-02-20,51.53,54.07,51.21,53.89,2750900,48.00
2008-02-19,52.44,53.58,51.87,52.53,717600,46.79
2008-02-18,6.50,6.50,6.50,6.50,000,5.79
2008-02-15,50.96,51.38,49.64,51.01,2195700,45.44
2008-02-14,52.51,52.55,51.07,51.26,2376400,45.66
2008-02-13,51.57,52.39,51.14,52.13,2124500,46.44
2008-02-12,52.43,53.00,51.08,51.55,2705300,45.92
2008-02-11,52.16,52.53,50.54,52.40,3335400,46.67
2008-02-08,49.84,52.16,49.84,51.92,3708800,46.24
2008-02-07,47.77,50.59,47.30,49.84,3799600,44.40
2008-02-06,50.34,50.87,48.26,48.84,3779300,43.50
2008-02-05,51.93,52.52,49.89,49.89,3232400,44.19
2008-02-04,52.81,53.25,51.92,52.75,1316700,46.73
2008-02-01,51.92,53.16,51.91,52.91,2463200,46.87
2008-01-31,51.03,52.36,49.97,51.75,2275700,45.84
2008-01-30,52.98,53.44,51.48,51.73,1471000,45.83
2008-01-29,52.09,53.50,52.09,52.82,4569500,46.79
2008-01-28,50.35,50.93,49.85,50.88,2209600,45.07
2008-01-25,50.00,51.32,49.61,50.14,3770900,44.42
2008-01-24,47.65,49.83,47.42,49.58,4159700,43.92
2008-01-23,46.86,47.96,43.89,47.37,6792800,41.96
2008-01-22,47.30,49.56,46.08,48.14,5257700,42.64
2008-01-21,6.50,6.50,6.50,6.50,000,5.76
2008-01-18,48.80,49.99,47.85,49.65,4505100,43.98
2008-01-17,49.30,49.92,47.68,47.85,4122500,42.38
2008-01-16,48.80,49.58,47.63,48.43,4443700,42.90
2008-01-15,49.31,50.05,48.80,49.11,5384500,43.50
2008-01-14,51.28,51.85,49.75,51.22,5079700,45.37
2008-01-11,52.58,52.79,50.11,50.47,4546900,44.71
2008-01-10,52.92,53.59,51.91,53.16,4006700,47.09
2008-01-09,54.37,54.68,51.94,53.25,4134100,47.17
2008-01-08,55.18,56.54,54.85,54.90,3472300,48.63
2008-01-07,56.84,56.84,53.93,54.80,3427900,48.54
2008-01-04,57.17,57.82,55.90,56.61,5190700,50.14
2008-01-03,59.86,61.03,57.30,57.59,3927800,51.01
2008-01-02,60.42,61.30,60.08,60.30,2656000,53.42
2008-01-01,6.50,6.50,6.50,6.50,000,5.76
2007-12-31,59.54,60.42,59.20,60.27,1477900,53.39
2007-12-28,59.38,60.00,59.07,59.61,1000200,52.81
2007-12-27,59.84,60.22,58.86,59.28,1460000,52.51
2007-12-26,60.06,60.27,59.38,60.19,1438500,53.32
2007-12-25,6.50,6.50,6.50,6.50,000,5.76
2007-12-24,59.72,59.82,58.89,59.50,779900,52.71
2007-12-21,58.16,59.59,57.41,59.45,3406500,52.67
2007-12-20,58.38,58.38,56.47,58.16,2272200,51.52
2007-12-19,57.77,58.24,57.26,57.97,1441900,51.35
2007-12-18,57.14,57.72,55.60,57.41,3133200,50.85
2007-12-17,57.15,57.82,56.41,56.62,4068400,50.15
2007-12-14,54.88,57.23,54.88,56.41,5090800,49.97
2007-12-13,54.35,55.36,53.92,55.20,6788200,48.90
2007-12-12,54.08,54.61,53.07,53.66,4226300,47.53
2007-12-11,54.00,54.63,52.65,52.99,3668800,46.94
2007-12-10,54.85,54.85,53.27,53.81,2005000,47.67
2007-12-07,53.80,54.37,53.22,54.25,2813500,48.05
2007-12-06,53.75,53.77,51.79,53.59,3790200,47.47
2007-12-05,54.24,54.75,52.52,53.23,5102300,47.15
2007-12-04,54.88,55.10,53.51,53.65,2641000,47.52
2007-12-03,55.70,55.74,54.98,55.09,2322200,48.80
2007-11-30,55.70,56.32,55.22,55.83,3426900,49.45
2007-11-29,54.52,55.74,54.17,55.62,3771500,49.27
2007-11-28,53.58,54.49,52.85,54.20,3601300,48.01
2007-11-27,53.90,54.33,52.25,53.25,4587300,47.17
2007-11-26,56.47,57.25,54.51,54.51,2527500,48.29
2007-11-23,55.46,56.69,55.02,56.35,1013600,49.92
2007-11-22,6.50,6.50,6.50,6.50,000,5.76
2007-11-21,56.31,56.74,54.92,54.99,2922700,48.71
2007-11-20,58.24,58.43,56.08,56.89,3657800,50.40
2007-11-19,59.22,59.40,57.69,57.92,1754100,51.30
2007-11-16,58.41,59.70,57.92,59.48,3275200,52.69
2007-11-15,58.90,59.55,56.57,57.17,2710300,50.65
2007-11-14,60.64,61.35,58.97,59.14,2813700,52.39
2007-11-13,56.58,60.30,56.49,60.15,4372200,53.28
2007-11-12,57.41,58.10,56.23,56.46,2747300,50.01
2007-11-09,59.36,59.39,57.82,58.51,1658900,51.83
2007-11-08,60.74,60.89,58.24,59.50,2881200,52.70
2007-11-07,62.68,62.68,59.97,59.97,2484400,53.12
2007-11-06,60.75,62.70,60.75,62.39,2468600,55.27
2007-11-05,58.99,61.65,58.37,60.70,3733100,53.77
2007-11-02,58.92,59.69,58.11,59.41,2723900,52.38
2007-11-01,59.19,61.17,58.34,58.56,3973900,51.64
2007-10-31,60.52,62.40,60.00,61.23,2807300,53.99
2007-10-30,61.77,62.13,59.53,59.65,2267600,52.60
2007-10-29,62.94,63.71,61.60,62.13,1821800,54.78
2007-10-26,63.20,64.06,61.53,62.73,3649500,55.31
2007-10-25,60.44,61.15,59.89,60.78,2123300,53.59
2007-10-24,59.10,60.29,58.07,60.26,3250300,53.13
2007-10-23,59.78,59.78,58.24,59.55,1965000,52.50
2007-10-22,58.70,59.63,58.24,59.31,2442700,52.30
2007-10-19,61.93,62.15,59.07,59.15,3544600,52.16
2007-10-18,62.65,63.31,61.73,62.42,2347400,55.03
2007-10-17,64.40,65.26,62.40,63.01,2998300,55.55
2007-10-16,65.20,65.20,63.69,64.31,2380100,56.71
2007-10-15,65.25,65.53,64.53,65.23,2125600,57.51
2007-10-12,64.13,65.29,63.33,64.34,1773900,56.73
2007-10-11,65.30,65.56,63.23,63.81,2197700,56.27
2007-10-10,62.40,65.01,61.74,64.66,3635200,57.01
2007-10-09,62.45,64.48,62.07,63.86,3909900,56.30
2007-10-08,61.24,62.93,61.23,62.26,3108400,54.89
2007-10-05,59.90,61.14,59.24,60.74,2431100,53.55
2007-10-04,58.78,59.61,57.66,59.57,2457500,52.52
2007-10-03,58.67,59.65,57.77,58.86,3279300,51.89
2007-10-02,58.84,59.37,58.28,59.17,2644300,52.17
2007-10-01,58.89,59.87,58.64,59.75,2519900,52.68
2007-09-28,58.91,59.61,58.51,58.89,2974300,51.92
2007-09-27,61.27,61.48,58.46,58.57,3658400,51.64
2007-09-26,62.89,63.15,60.24,61.04,3359600,53.82
2007-09-25,63.40,63.63,62.19,62.48,2703200,55.09
2007-09-24,63.74,65.06,63.18,63.96,3194200,56.39
2007-09-21,62.95,64.44,62.29,64.03,2799000,56.46
2007-09-20,61.80,62.82,61.58,62.29,2312700,54.92
2007-09-19,63.69,63.87,61.28,61.93,3562200,54.61
2007-09-18,61.85,63.83,61.33,63.31,2257800,55.83
2007-09-17,62.16,62.57,60.67,61.60,1772700,54.31
2007-09-14,61.64,62.82,61.11,62.38,1310900,55.00
2007-09-13,60.77,62.36,60.61,61.75,2102000,54.45
2007-09-12,59.95,61.57,59.01,60.38,4597900,53.24
2007-09-11,61.16,61.29,59.75,60.83,2497400,53.63
2007-09-10,61.48,61.65,59.60,60.74,2240500,53.55
2007-09-07,62.62,62.82,60.74,61.65,2596100,54.36
2007-09-06,63.50,64.06,62.10,62.92,2722000,55.48
2007-09-05,61.47,62.73,61.39,62.69,2044900,55.28
2007-09-04,60.48,62.77,60.43,62.11,1786300,54.76
2007-09-03,6.50,6.50,6.50,6.50,000,5.73
2007-08-31,60.74,61.73,60.74,60.85,1841900,53.65
2007-08-30,59.32,60.49,58.31,60.11,2234200,53.00
2007-08-29,57.77,59.86,57.49,59.32,2158700,52.30
2007-08-28,58.07,58.51,56.87,56.93,1984800,50.19
2007-08-27,58.82,59.20,58.13,58.62,1433600,51.69
2007-08-24,58.24,59.51,57.97,59.20,1593200,52.20
2007-08-23,58.21,58.78,57.30,57.97,2701200,51.12
2007-08-22,56.11,58.38,55.47,58.20,3691700,51.31
2007-08-21,55.24,56.34,54.39,55.05,2674000,48.54
2007-08-20,54.73,55.81,53.78,55.41,2976000,48.86
2007-08-17,54.96,56.65,54.09,55.19,5083600,48.67
2007-08-16,53.03,54.16,50.96,53.42,5230900,47.10
2007-08-15,55.65,56.70,54.20,56.70,3251700,49.99
2007-08-14,56.14,56.70,54.89,55.62,3381700,49.04
2007-08-13,58.24,58.24,55.41,55.54,3429300,48.97
2007-08-10,52.59,56.47,51.58,56.12,5771700,49.48
2007-08-09,53.09,55.95,52.15,52.90,5544100,46.64
2007-08-08,53.14,55.31,53.04,53.96,6235400,47.58
2007-08-07,52.27,53.94,51.58,53.68,6210700,47.33
2007-08-06,52.19,52.90,50.49,52.82,4832400,46.57
2007-08-03,55.33,56.16,52.41,52.53,5679200,46.08
2007-08-02,54.30,57.52,53.58,55.67,7555100,48.83
2007-08-01,54.50,56.12,52.39,54.30,5348400,47.63
2007-07-31,57.00,57.30,55.33,55.51,3680800,48.69
2007-07-30,55.44,56.73,54.94,56.19,5427600,49.29
2007-07-27,56.51,57.17,54.55,54.75,6698200,48.02
2007-07-26,58.16,58.76,57.03,58.76,6265300,51.53
2007-07-25,59.50,60.08,57.28,59.52,6425500,52.21
2007-07-24,61.74,61.74,58.54,59.05,5965200,51.79
2007-07-23,65.64,65.64,62.26,62.84,3432300,55.12
2007-07-20,65.22,65.22,62.57,63.43,4296400,55.64
2007-07-19,66.13,66.56,63.97,64.75,4708500,56.79
2007-07-18,66.56,66.87,64.85,66.43,4750900,58.27
2007-07-17,68.81,68.97,65.31,65.70,6080100,57.63
2007-07-16,69.45,70.13,68.22,68.49,2626300,60.07
2007-07-13,70.05,70.72,69.37,69.93,1694400,61.33
2007-07-12,69.31,70.11,68.85,69.63,3330900,61.07
2007-07-11,68.23,69.48,68.17,68.56,2268400,60.14
2007-07-10,68.09,70.58,67.82,69.10,3155100,60.60
2007-07-09,68.24,68.81,67.83,68.59,2741200,60.16
2007-07-06,68.04,68.73,67.60,68.29,2188400,59.90
2007-07-05,68.22,68.82,66.67,67.31,2380400,59.04
2007-07-04,6.50,6.50,6.50,6.50,000,5.70
2007-07-03,67.53,67.77,67.22,67.49,826500,59.20
2007-07-02,67.81,67.81,66.23,67.36,1852500,59.08
2007-06-29,66.43,67.33,66.29,67.33,2036100,59.06
2007-06-28,66.37,67.00,65.54,65.91,3192600,57.81
2007-06-27,65.56,66.05,63.31,65.96,6006100,57.85
2007-06-26,70.38,70.38,66.83,70.38,3684300,61.73
2007-06-25,68.89,70.24,68.72,69.15,2991600,60.65
2007-06-22,69.88,70.08,69.68,70.08,2301600,61.47
2007-06-21,69.26,69.86,68.33,69.69,4077200,61.12
2007-06-20,71.04,71.39,68.42,68.46,3799900,60.05
2007-06-19,71.42,71.77,70.07,71.03,2629700,62.30
2007-06-18,70.92,71.88,70.72,71.42,2310300,62.64
2007-06-15,70.13,70.91,69.89,70.65,2747100,61.97
2007-06-14,68.85,69.66,68.22,69.66,3078200,61.10
2007-06-13,66.58,68.10,66.58,68.10,2678600,59.73
2007-06-12,66.54,67.42,66.19,66.28,2787900,58.13
2007-06-11,66.27,67.35,65.90,67.11,2412600,58.86
2007-06-08,65.42,66.24,64.17,66.24,3262300,58.10
2007-06-07,66.62,67.67,65.51,65.69,3835900,57.61
2007-06-06,68.84,68.93,66.38,66.73,5443900,58.53
2007-06-05,70.71,70.71,68.76,69.36,3331400,60.84
2007-06-04,67.68,70.32,67.25,70.03,6245300,61.42
2007-06-01,66.67,67.82,66.56,67.48,2121900,59.19
2007-05-31,66.06,66.52,65.06,66.32,3912400,58.17
2007-05-30,64.65,66.20,63.52,66.11,3564000,57.99
2007-05-29,64.80,65.29,64.11,64.65,2774500,56.70
2007-05-28,6.50,6.50,6.50,6.50,000,5.70
2007-05-25,64.48,65.15,64.24,65.14,1661100,57.13
2007-05-24,64.88,65.71,63.81,65.71,4306400,57.63
2007-05-23,65.64,66.14,64.76,65.20,5416100,57.19
2007-05-22,64.90,66.02,64.56,64.99,4608000,57.00
2007-05-21,63.38,64.95,63.28,64.31,4185700,56.41
2007-05-18,62.24,63.27,62.05,63.25,3049400,55.47
2007-05-17,61.05,62.58,60.01,61.74,4122600,54.15
2007-05-16,61.08,61.48,59.80,61.12,3758600,53.61
2007-05-15,61.26,61.68,60.76,60.94,2754500,53.45
2007-05-14,61.94,62.62,60.74,61.26,3702600,53.73
2007-05-11,61.15,62.37,61.07,61.94,3697100,54.33
2007-05-10,62.47,63.71,60.74,60.85,4221500,53.37
2007-05-09,62.18,62.48,60.89,62.31,5386200,54.65
2007-05-08,63.51,63.51,61.82,62.63,2795500,54.93
2007-05-07,63.10,63.31,62.35,62.82,3064900,55.10
2007-05-04,64.27,64.89,63.07,63.33,3686200,55.31
2007-05-03,61.98,64.27,61.74,63.62,6985500,55.56
2007-05-02,63.07,65.49,62.89,64.65,6010400,56.45
2007-05-01,62.89,63.57,62.19,63.03,3618600,55.04
2007-04-30,63.90,64.91,62.77,62.84,3577900,54.88
2007-04-27,63.86,64.40,62.97,63.89,3347500,55.79
2007-04-26,62.52,65.93,62.07,64.20,8754100,56.06
2007-04-25,61.04,62.87,60.94,62.34,4308100,54.44
2007-04-24,60.89,61.15,59.98,60.53,3394800,52.86
2007-04-23,61.15,61.55,60.24,60.81,2999800,53.10
2007-04-20,60.58,60.69,59.35,60.23,3739000,52.60
2007-04-19,60.64,61.04,59.98,60.27,2441200,52.63
2007-04-18,60.74,61.29,59.60,61.06,3718100,53.32
2007-04-17,61.73,62.07,60.22,60.84,3163800,53.13
2007-04-16,62.19,62.92,61.13,61.29,4596200,53.53
2007-04-13,62.56,62.73,61.93,62.19,2230400,54.31
2007-04-12,61.78,62.66,60.79,62.56,4848200,54.63
2007-04-11,61.63,62.71,61.28,61.53,4750500,53.73
2007-04-10,61.82,62.03,61.44,61.63,3276800,53.82
2007-04-09,61.72,62.35,61.13,61.64,3070000,53.83
2007-04-06,6.50,6.50,6.50,6.50,000,5.68
2007-04-05,60.92,61.98,60.64,61.71,3864200,53.89
2007-04-04,58.68,61.14,58.26,60.92,5860100,53.20
2007-04-03,59.20,59.71,58.36,59.12,3764600,51.63
2007-04-02,58.62,59.50,58.53,59.50,3066000,51.96
2007-03-30,58.51,59.80,58.33,58.61,5223500,51.18
2007-03-29,58.69,58.82,57.87,58.50,3589900,51.09
2007-03-28,59.34,59.75,58.26,59.75,6273100,52.18
2007-03-27,58.86,59.13,58.29,59.01,2910500,51.53
2007-03-26,59.00,59.23,57.48,58.85,6402800,51.39
2007-03-23,58.66,59.80,58.66,59.20,3823100,51.70
2007-03-22,58.96,59.51,57.92,58.50,4193800,51.09
2007-03-21,57.18,58.24,56.98,57.73,4249000,50.42
2007-03-20,55.86,57.29,55.65,56.98,4433100,49.76
2007-03-19,55.16,56.27,55.16,56.27,3499500,49.14
2007-03-16,55.56,55.64,54.65,54.83,4289800,47.88
2007-03-15,56.38,56.38,55.22,55.39,4419800,48.37
2007-03-14,55.56,56.02,54.77,55.92,6139900,48.83
2007-03-13,55.08,56.44,54.91,55.09,7126900,48.11
2007-03-12,53.57,55.12,53.56,55.02,4338300,48.05
2007-03-09,54.41,55.01,53.88,54.39,2563500,47.50
2007-03-08,54.74,54.94,53.88,54.11,3540000,47.26
2007-03-07,52.87,55.37,52.83,54.38,4534800,47.49
2007-03-06,53.31,53.81,52.84,53.07,3573400,46.35
2007-03-05,52.42,53.13,51.42,52.76,3982900,46.07
2007-03-02,53.91,54.31,52.88,53.14,2896400,46.41
2007-03-01,53.43,54.58,52.63,53.90,3982100,47.07
2007-02-28,53.28,54.20,53.15,53.61,4457300,46.82
2007-02-27,54.53,55.17,53.26,55.17,3800700,48.18
2007-02-26,56.08,56.13,54.78,55.14,3677300,48.15
2007-02-23,55.22,55.95,54.88,55.12,4525600,48.14
2007-02-22,53.45,54.70,53.01,54.40,5291200,47.50
2007-02-21,52.08,53.41,51.83,53.32,4771600,46.57
2007-02-20,51.56,52.23,51.31,51.89,3644300,45.32
2007-02-19,6.50,7.75,6.50,6.50,000,5.68
2007-02-16,50.73,51.42,50.72,51.40,2384600,44.89
2007-02-15,50.64,50.98,50.28,50.69,2030000,44.26
2007-02-14,51.00,51.70,50.60,51.14,2989900,44.66
2007-02-13,49.97,50.92,49.96,50.82,2510300,44.38
2007-02-12,51.13,51.13,49.73,49.90,2743300,43.58
2007-02-09,51.75,52.06,50.90,51.13,1958300,44.65
2007-02-08,51.23,51.64,51.23,51.64,3275600,45.10
2007-02-07,51.25,51.95,50.97,51.43,2917600,44.91
2007-02-06,52.24,52.24,51.06,51.39,3654500,44.66
2007-02-05,53.30,53.46,51.32,51.49,4502100,44.75
2007-02-02,53.37,53.68,52.37,53.13,3079300,46.17
2007-02-01,52.94,53.95,52.67,53.38,5091800,46.39
2007-01-31,52.02,52.73,51.61,52.52,3191600,45.65
2007-01-30,51.23,52.58,51.13,52.43,4342300,45.57
2007-01-29,50.70,51.97,50.60,51.04,4726700,44.36
2007-01-26,50.88,51.03,50.30,50.70,1546600,44.06
2007-01-25,51.52,52.07,50.05,50.24,3854800,43.66
2007-01-24,51.17,51.71,50.44,51.52,3927600,44.77
2007-01-23,50.74,51.47,50.44,51.17,4124700,44.47
2007-01-22,50.44,50.81,49.62,49.94,3301400,43.40
2007-01-19,49.51,50.20,49.31,50.15,3011400,43.58
2007-01-18,49.38,49.87,48.72,49.06,4105500,42.64
2007-01-17,49.38,49.94,49.09,49.42,3383700,42.95
2007-01-16,49.00,49.65,48.65,48.89,4949500,42.49
2007-01-15,5.95,7.40,5.95,5.95,000,5.17
2007-01-12,48.51,49.84,48.42,49.78,3776800,43.26
2007-01-11,47.96,49.30,47.79,48.11,5349700,41.81
2007-01-10,48.64,48.64,47.16,47.52,3874000,41.30
2007-01-09,48.68,49.07,48.15,48.64,4009300,42.27
2007-01-08,50.09,50.71,49.48,49.57,2987500,43.08
2007-01-05,49.50,49.89,48.75,49.65,3751900,43.15
2007-01-04,49.88,50.27,49.34,49.52,3839300,43.04
2007-01-03,51.17,51.42,49.65,49.91,5572000,43.37
2007-01-02,6.50,6.50,6.50,6.50,000,5.65
2007-01-01,6.50,6.50,6.50,6.50,000,5.65
2006-12-29,51.79,52.22,51.71,51.88,2071000,45.09
2006-12-28,52.37,52.37,51.67,52.04,2404500,45.23
2006-12-27,52.22,52.43,51.59,52.37,1586000,45.52
2006-12-26,52.08,52.96,51.75,52.17,1595600,45.34
2006-12-25,5.85,9.00,5.85,5.85,000,5.08
2006-12-22,52.78,52.87,52.02,52.16,1907500,45.33
2006-12-21,54.20,54.45,52.42,52.78,3498000,45.87
2006-12-20,55.05,55.19,54.00,54.14,3666400,47.05
2006-12-19,53.86,55.26,53.86,55.26,3020400,48.02
2006-12-18,56.49,56.71,53.76,53.87,4439800,46.82
2006-12-15,56.37,57.06,56.36,56.79,3110900,49.35
2006-12-14,56.45,57.21,55.75,56.46,3427900,49.07
2006-12-13,55.79,56.76,55.28,56.14,3792300,48.79
2006-12-12,55.79,56.13,55.05,55.27,2547000,48.03
2006-12-11,55.66,55.98,55.05,55.34,2112100,48.09
2006-12-08,56.74,56.95,55.38,55.69,3173400,48.39
2006-12-07,56.75,56.81,55.91,56.38,2506200,49.00
2006-12-06,55.87,57.76,55.74,56.93,5933800,49.48
2006-12-05,56.41,56.41,55.15,55.94,4879400,48.61
2006-12-04,57.39,57.39,55.84,56.13,3845400,48.78
2006-12-01,56.49,57.42,55.60,57.39,4312200,49.87
2006-11-30,56.34,57.30,55.84,56.71,4824900,49.28
2006-11-29,54.00,56.61,53.79,56.34,6057900,48.96
2006-11-28,53.51,54.05,53.15,53.81,4031500,46.76
2006-11-27,53.25,53.66,52.47,52.90,3285900,45.97
2006-11-24,52.99,53.57,52.87,53.15,1081200,46.19
2006-11-23,7.50,7.50,7.45,7.45,5000,6.47
2006-11-22,54.50,54.50,52.68,52.89,5290100,45.96
2006-11-21,53.74,54.33,53.68,54.25,3151300,47.14
2006-11-20,53.71,54.04,53.06,53.45,3040500,46.45
2006-11-17,53.03,54.24,52.46,53.85,3276800,46.79
2006-11-16,55.34,55.35,52.90,53.02,5874100,46.08
2006-11-15,53.91,55.75,53.86,54.93,4277600,47.73
2006-11-14,54.42,54.70,53.61,53.83,3059600,46.78
2006-11-13,53.82,54.99,53.66,54.30,2594700,47.19
2006-11-10,55.12,55.22,53.93,54.40,3075100,47.28
2006-11-09,55.69,56.19,54.99,55.19,4720800,47.96
2006-11-08,53.96,55.39,53.93,55.12,5549600,47.90
2006-11-07,55.27,55.28,53.44,53.96,5199000,46.90
2006-11-06,55.00,55.87,54.71,55.39,4431700,48.14
2006-11-03,54.49,56.16,54.20,55.88,4138400,48.34
2006-11-02,54.41,54.70,52.83,53.67,5301400,46.43
2006-11-01,54.83,55.76,54.11,54.20,4198500,46.90
2006-10-31,54.41,55.27,53.12,55.02,4108700,47.60
2006-10-30,54.91,54.91,54.15,54.28,2301000,46.96
2006-10-27,55.66,56.18,55.11,55.24,2342200,47.79
2006-10-26,56.92,56.99,55.34,55.81,2959500,48.28
2006-10-25,55.66,56.93,55.32,56.36,3635700,48.76
2006-10-24,54.05,55.99,53.95,55.89,3185100,48.36
2006-10-23,54.12,54.50,53.60,54.42,3135700,47.08
2006-10-20,55.33,55.52,54.40,54.62,2687600,47.25
2006-10-19,54.83,55.29,53.85,55.10,3157800,47.67
2006-10-18,54.80,55.90,54.00,54.62,4084000,47.25
2006-10-17,55.29,55.29,54.10,54.75,2989600,47.36
2006-10-16,54.43,55.54,53.66,55.29,3906600,47.84
2006-10-13,54.54,55.54,54.33,54.65,4235400,47.28
2006-10-12,53.24,54.16,52.87,54.00,5416600,46.72
2006-10-11,51.35,53.09,51.01,52.59,5634800,45.50
2006-10-10,50.71,52.32,50.54,51.63,5049900,44.67
2006-10-09,52.17,52.27,50.75,50.99,3576500,44.12
2006-10-06,50.96,51.79,50.69,51.72,4055100,44.74
2006-10-05,51.17,51.86,50.39,51.23,4488200,44.33
2006-10-04,49.10,50.45,47.84,50.32,7103200,43.53
2006-10-03,50.63,50.79,48.94,48.95,3901800,42.35
2006-10-02,51.60,52.44,51.23,51.46,2931600,44.52
2006-09-29,51.68,52.23,51.02,51.74,2289100,44.76
2006-09-28,52.42,52.73,51.51,51.68,3778500,44.71
2006-09-27,53.21,53.46,51.47,52.55,7125800,45.46
2006-09-26,49.36,51.88,49.36,51.83,5542900,44.84
2006-09-25,48.66,49.78,47.93,49.42,3797300,42.76
2006-09-22,49.65,50.05,48.46,48.79,3377000,42.21
2006-09-21,49.50,50.74,49.50,49.58,3729700,42.89
2006-09-20,50.55,51.44,49.10,49.40,4657200,42.73
2006-09-19,52.91,53.03,50.64,51.06,3375000,44.17
2006-09-18,51.33,53.11,51.33,52.75,5062500,45.64
2006-09-15,51.90,52.09,50.92,51.41,3716300,44.48
2006-09-14,53.50,53.74,51.69,51.90,4136900,44.90
2006-09-13,53.08,54.40,52.87,53.50,4297900,46.28
2006-09-12,53.00,53.42,51.94,52.45,5143200,45.38
2006-09-11,54.09,54.30,52.67,53.14,4735100,45.97
2006-09-08,56.18,56.65,54.37,54.50,3693700,47.15
2006-09-07,55.93,56.83,54.93,56.34,5259000,48.74
2006-09-06,57.93,58.03,55.84,55.94,5991600,48.40
2006-09-05,59.40,59.94,58.87,59.25,3417900,51.26
2006-09-04,7.60,8.20,7.60,7.60,000,6.58
2006-09-01,59.95,60.72,59.66,60.40,2722400,52.26
2006-08-31,60.75,60.75,59.62,59.83,3428300,51.76
2006-08-30,62.32,62.47,59.66,60.75,4266100,52.56
2006-08-29,62.57,62.62,61.04,62.32,3890800,53.91
2006-08-28,63.23,64.21,63.07,63.12,2589300,54.61
2006-08-25,64.51,65.39,64.31,64.32,2827300,55.65
2006-08-24,62.98,64.21,62.19,64.13,3442000,55.48
2006-08-23,64.94,65.15,62.36,62.67,3931300,54.22
2006-08-22,64.73,65.89,64.50,65.21,2737700,56.42
2006-08-21,64.55,65.58,64.39,64.99,2451000,56.22
2006-08-18,63.50,64.30,62.47,64.09,2934200,55.45
2006-08-17,64.23,64.34,62.27,63.26,5455600,54.73
2006-08-16,64.90,66.41,64.14,64.78,4082400,56.04
2006-08-15,63.46,65.10,63.14,64.97,3941700,56.21
2006-08-14,64.60,64.77,62.98,63.27,3676800,54.74
2006-08-11,64.21,65.37,63.91,65.24,4173500,56.44
2006-08-10,65.06,65.80,63.66,64.41,5001400,55.73
2006-08-09,65.94,66.93,64.98,65.92,5020500,57.03
2006-08-08,65.23,66.12,64.78,65.52,4631500,56.68
2006-08-07,62.32,65.54,62.27,64.72,6007700,55.99
2006-08-04,62.30,62.92,61.28,61.68,4359000,53.37
2006-08-03,60.03,62.92,59.78,61.68,5969200,53.14
2006-08-02,58.24,60.09,58.05,59.16,4022900,50.98
2006-08-01,57.74,58.17,56.85,57.87,2982100,49.86
2006-07-31,57.06,58.18,56.85,57.86,2090000,49.85
2006-07-28,56.41,57.03,55.81,56.84,1909300,48.98
2006-07-27,58.57,58.90,56.24,56.71,2492900,48.86
2006-07-26,55.12,57.87,54.86,57.52,4275600,49.56
2006-07-25,55.33,55.61,54.17,55.23,2018400,47.59
2006-07-24,52.57,54.81,52.55,54.61,2403700,47.06
2006-07-21,54.16,54.20,52.11,52.28,2753900,45.05
2006-07-20,54.86,55.34,53.79,53.95,2484600,46.49
2006-07-19,55.08,55.65,54.00,54.94,3219200,47.34
2006-07-18,55.49,55.74,54.12,55.08,2213400,47.46
2006-07-17,56.16,56.41,54.22,54.75,2091100,47.17
2006-07-14,56.35,56.82,54.93,56.47,2248200,48.65
2006-07-13,57.02,57.02,55.36,55.68,2614500,47.97
2006-07-12,58.15,58.39,56.76,56.82,2478300,48.96
2006-07-11,57.32,58.20,56.99,58.15,1900700,50.10
2006-07-10,56.95,57.72,56.33,56.88,1835500,49.01
2006-07-07,57.70,58.68,56.71,56.88,2381800,49.01
2006-07-06,57.40,58.24,56.51,57.35,2709100,49.41
2006-07-05,57.03,57.62,56.17,57.43,2476000,49.49
2006-07-04,7.10,7.10,7.10,7.10,3000,6.12
2006-07-03,57.57,57.82,57.06,57.32,1200700,49.39
2006-06-30,57.23,58.11,56.66,57.65,2189700,49.67
2006-06-29,54.86,57.39,54.86,57.18,3626500,49.27
2006-06-28,54.15,55.04,53.95,54.30,3196600,46.78
2006-06-27,52.91,54.15,52.83,53.94,2572900,46.48
2006-06-26,52.14,53.39,51.82,53.20,2004800,45.84
2006-06-23,52.91,53.16,52.07,52.14,3094000,44.93
2006-06-22,52.17,54.30,51.46,52.47,2604700,45.21
2006-06-21,50.59,52.55,50.59,51.94,3071200,44.76
2006-06-20,51.21,51.63,50.20,50.42,2652500,43.44
2006-06-19,53.25,53.25,50.50,50.64,2824800,43.63
2006-06-16,53.60,53.70,52.29,53.25,2657700,45.88
2006-06-15,53.25,54.04,52.58,53.77,4531200,46.33
2006-06-14,52.12,53.53,52.12,52.95,3866900,45.62
2006-06-13,52.96,53.81,51.95,53.81,3454500,46.37
2006-06-12,55.24,55.49,52.89,52.95,2087300,45.62
2006-06-09,55.74,56.12,54.21,54.83,2499200,47.24
2006-06-08,53.99,55.62,53.99,55.62,4083000,47.92
2006-06-07,56.09,56.62,54.81,54.91,2925800,47.31
2006-06-06,56.74,57.43,55.79,56.08,2579100,48.33
2006-06-05,59.70,59.70,56.64,56.82,2956300,48.96
2006-06-02,58.86,59.24,58.02,59.02,2603500,50.86
2006-06-01,56.28,58.37,55.81,58.25,3694300,50.19
2006-05-31,55.69,57.24,55.58,57.07,2557300,49.17
2006-05-30,57.57,57.72,55.69,55.72,2151300,48.01
2006-05-29,9.95,9.95,9.95,9.95,000,8.57
2006-05-26,56.88,57.57,56.68,57.06,2253800,49.16
2006-05-25,55.91,57.28,54.96,56.82,2714700,48.96
2006-05-24,55.43,56.03,53.50,54.88,3944400,47.29
2006-05-23,57.57,58.07,55.44,55.76,4693000,48.05
2006-05-22,54.94,55.35,53.05,55.08,4467000,47.46
2006-05-19,55.45,55.95,52.93,55.39,5945900,47.72
2006-05-18,56.93,57.57,55.39,55.44,2838100,47.77
2006-05-17,58.72,59.20,56.16,56.81,3759100,48.95
2006-05-16,59.90,60.65,59.13,59.39,3287300,51.17
2006-05-15,60.66,60.85,58.66,59.50,2738700,51.26
2006-05-12,63.04,63.22,61.08,61.18,2675100,52.72
2006-05-11,65.43,65.71,62.97,63.04,3653700,54.32
2006-05-10,64.02,64.90,63.12,64.80,3623600,55.83
2006-05-09,65.15,65.39,64.03,64.22,2580100,55.34
2006-05-08,64.35,65.16,64.07,65.16,2720900,56.15
2006-05-05,66.35,66.81,64.56,65.65,3062100,56.57
2006-05-04,65.73,67.04,65.73,67.04,4043700,57.55
2006-05-03,69.54,69.54,67.22,68.24,2535500,58.58
2006-05-02,69.43,70.13,68.56,69.53,1662200,59.69
2006-05-01,68.05,69.99,67.81,68.97,2537700,59.21
2006-04-28,67.35,68.42,67.08,67.42,1658000,57.88
2006-04-27,66.56,68.32,65.31,66.99,2510500,57.51
2006-04-26,69.55,70.87,67.14,67.56,2987000,57.99
2006-04-25,72.72,73.34,69.28,69.75,3207100,59.88
2006-04-24,72.50,72.50,70.69,71.57,1970200,61.44
2006-04-21,71.18,72.62,70.62,72.50,2837500,62.24
2006-04-20,71.55,71.66,69.40,70.55,2218200,60.57
2006-04-19,70.68,72.72,70.68,72.19,2534600,61.97
2006-04-18,70.43,71.63,70.02,71.38,3197900,61.27
2006-04-17,68.22,69.60,67.97,69.55,2033000,59.70
2006-04-14,8.80,8.80,8.80,8.80,000,7.55
2006-04-13,66.27,67.60,65.64,67.39,2219600,57.85
2006-04-12,65.15,67.74,65.15,67.35,2753100,57.82
2006-04-11,67.60,67.95,65.17,65.40,2666100,56.14
2006-04-10,66.87,68.13,66.81,67.08,1478900,57.58
2006-04-07,66.00,66.45,65.10,66.04,1752100,56.69
2006-04-06,67.39,67.71,65.89,66.78,1923400,57.32
2006-04-05,65.49,66.92,64.91,66.90,2002000,57.43
2006-04-04,63.69,65.74,63.39,65.39,2396200,56.14
2006-04-03,64.95,65.94,63.68,63.81,2137200,54.78
2006-03-31,66.06,66.07,64.24,64.54,1824400,55.40
2006-03-30,66.32,67.38,65.94,66.11,2063200,56.75
2006-03-29,65.10,66.54,65.10,66.54,1869900,57.12
2006-03-28,65.73,66.74,64.90,64.98,1857400,55.78
2006-03-27,65.64,65.71,64.52,65.41,1542600,56.15
2006-03-24,64.73,65.98,64.33,65.52,1908700,56.24
2006-03-23,63.56,64.73,63.27,64.60,2630300,55.46
2006-03-22,63.31,64.69,62.44,62.84,3300900,53.94
2006-03-21,61.97,63.95,61.90,63.38,3570900,54.41
2006-03-20,65.15,65.34,62.58,62.71,3440200,53.83
2006-03-17,67.67,67.68,65.90,66.24,2314300,56.86
2006-03-16,65.95,67.85,65.57,67.70,3581000,58.12
2006-03-15,65.39,66.38,64.85,66.15,2123500,56.79
2006-03-14,65.19,66.35,63.88,66.07,2464900,56.72
2006-03-13,64.11,65.69,63.91,65.19,2148500,55.96
2006-03-10,62.49,64.40,61.71,63.59,1939400,54.59
2006-03-09,64.15,64.72,62.82,63.13,2003200,54.19
2006-03-08,62.31,64.46,61.36,63.89,4056000,54.84
2006-03-07,63.13,63.18,61.87,62.67,3203300,53.79
2006-03-06,63.86,64.25,62.48,62.59,2370300,53.73
2006-03-03,64.21,65.72,64.16,64.80,2101000,55.62
2006-03-02,63.89,65.61,63.44,64.94,2636700,55.74
2006-03-01,61.86,63.91,61.73,63.41,2418700,54.43
2006-02-28,62.87,63.07,61.62,61.65,3278700,52.92
2006-02-27,64.23,64.65,63.51,63.56,1921000,54.56
2006-02-24,65.52,66.27,64.82,64.86,4053600,55.68
2006-02-23,62.38,64.01,62.38,64.01,2981900,54.95
2006-02-22,63.68,63.77,62.17,62.41,3980500,53.57
2006-02-21,65.31,66.68,64.27,64.45,3788800,55.32
2006-02-20,8.95,9.10,8.95,8.95,000,7.68
2006-02-17,64.89,65.31,63.76,64.15,4525000,55.07
2006-02-16,61.23,64.45,61.23,64.34,4514600,55.23
2006-02-15,60.74,62.19,60.25,60.81,4796100,52.20
2006-02-14,61.23,61.48,59.11,60.22,6014600,51.69
2006-02-13,60.00,62.31,60.00,61.23,4531100,52.57
2006-02-10,64.11,64.16,60.13,60.29,8792400,51.75
2006-02-09,67.72,67.83,63.48,63.56,4426800,54.56
2006-02-08,66.89,67.35,66.88,67.35,3807700,57.82
2006-02-07,70.45,70.46,66.65,66.86,3277400,57.39
2006-02-06,71.49,72.19,70.18,70.92,2594800,60.71
2006-02-03,72.76,72.77,70.50,70.86,3622100,60.66
2006-02-02,75.71,75.71,71.32,72.92,4123500,62.42
2006-02-01,79.21,80.24,77.09,77.09,2906500,65.99
2006-01-31,79.26,80.30,78.48,79.21,3597400,67.80
2006-01-30,76.49,80.91,76.37,80.05,3069100,68.52
2006-01-27,75.12,76.70,75.12,76.70,1722900,65.66
2006-01-26,73.63,74.89,72.06,74.51,2403900,63.78
2006-01-25,74.88,75.55,72.18,73.14,3799900,62.61
2006-01-24,73.22,74.84,72.94,73.71,2353700,63.09
2006-01-23,74.63,75.27,73.51,74.20,2181800,63.51
2006-01-20,75.30,76.29,74.24,74.63,2708600,63.88
2006-01-19,73.46,75.04,73.05,74.59,2401200,63.85
2006-01-18,74.04,74.94,71.65,73.06,2276900,62.54
2006-01-17,74.46,74.89,73.69,74.10,1753300,63.43
2006-01-16,7.25,9.10,7.25,7.25,000,6.21
2006-01-13,72.01,73.91,71.37,73.50,2403200,62.92
2006-01-12,72.71,74.32,71.67,72.01,2657400,61.64
2006-01-11,72.58,73.15,70.83,72.13,2834700,61.74
2006-01-10,71.95,73.83,71.88,72.57,2843200,62.12
2006-01-09,71.34,72.03,70.10,71.45,2043100,61.16
2006-01-06,70.24,71.60,69.76,71.15,2029400,60.91
2006-01-05,69.90,70.04,67.82,68.90,2090300,58.98
2006-01-04,69.16,70.23,68.31,70.11,2315100,60.02
2006-01-03,66.01,69.35,66.01,69.16,2634900,59.20
2006-01-02,8.90,8.90,8.90,8.90,000,7.62
2005-12-30,64.89,65.77,64.22,65.21,1104200,55.82
2005-12-29,65.72,66.53,64.75,65.05,1690100,55.68
2005-12-28,65.10,66.41,64.56,66.08,1794100,56.56
2005-12-27,66.14,66.15,63.72,64.63,2678200,55.32
2005-12-26,9.00,9.00,8.90,8.90,3100,7.62
2005-12-23,67.34,67.34,65.42,66.58,1064000,57.00
2005-12-22,67.13,67.61,66.71,67.34,1355100,57.65
2005-12-21,65.77,67.79,65.69,67.12,2512900,57.45
2005-12-20,65.20,65.82,64.66,65.60,2126900,56.16
2005-12-19,66.02,66.17,65.01,65.20,2457900,55.81
2005-12-16,68.17,68.21,65.79,66.02,2668500,56.51
2005-12-15,69.74,69.74,67.65,67.96,2291200,58.17
2005-12-14,69.21,70.08,68.89,69.74,1901000,59.70
2005-12-13,69.89,70.25,69.03,69.21,2175700,59.24
2005-12-12,68.95,69.81,68.37,69.43,1746000,59.43
2005-12-09,68.97,69.07,67.48,67.88,1810700,58.11
2005-12-08,69.14,69.75,68.43,69.59,2910100,59.57
2005-12-07,69.46,70.96,69.17,69.60,2520400,59.58
2005-12-06,69.26,69.55,68.22,68.93,2026300,59.01
2005-12-05,69.58,70.55,69.26,69.68,2901300,59.65
2005-12-02,67.59,69.15,67.38,68.91,3041600,58.98
2005-12-01,64.98,67.13,64.85,67.13,2533900,57.47
2005-11-30,64.93,65.55,63.62,64.23,3078200,54.98
2005-11-29,65.10,66.24,64.40,64.51,2567900,55.22
2005-11-28,66.93,66.94,64.23,64.48,2367500,55.20
2005-11-25,66.01,67.49,66.00,66.93,1196200,57.29
2005-11-24,9.80,9.80,9.40,9.70,5300,8.30
2005-11-23,65.64,66.72,64.86,66.03,2247800,56.52
2005-11-22,65.60,66.58,64.98,66.28,2264400,56.73
2005-11-21,63.76,65.20,63.03,65.19,2502400,55.80
2005-11-18,64.02,64.02,62.61,63.19,2561500,54.09
2005-11-17,63.91,64.06,62.37,63.38,6459700,54.26
2005-11-16,61.86,63.30,61.69,63.16,2678600,54.06
2005-11-15,62.05,64.02,61.24,61.55,3413000,52.69
2005-11-14,62.06,62.61,60.75,62.05,2203400,53.12
2005-11-11,58.99,61.26,58.97,61.06,2139100,52.27
2005-11-10,61.28,61.28,58.52,58.91,3381900,50.42
2005-11-09,61.48,63.08,60.05,61.53,4100000,52.67
2005-11-08,60.53,62.16,59.82,61.33,3489600,52.50
2005-11-07,60.53,60.94,59.07,60.03,3396700,51.38
2005-11-04,63.27,63.39,59.97,60.61,2993500,51.71
2005-11-03,63.48,64.58,62.40,64.06,2578200,54.65
2005-11-02,61.21,63.63,60.90,63.51,2466900,54.18
2005-11-01,61.37,62.39,60.79,62.08,2245400,52.96
2005-10-31,60.99,63.15,60.75,61.98,2803100,52.88
2005-10-28,58.66,60.14,57.30,59.96,2734300,51.16
2005-10-27,60.50,60.76,58.31,58.51,2353400,49.92
2005-10-26,60.49,62.50,59.70,60.00,2521200,51.19
2005-10-25,59.12,60.88,58.76,60.55,2989400,51.66
2005-10-24,56.20,59.20,55.65,59.12,2420000,50.44
2005-10-21,54.90,57.31,54.58,56.20,2913800,47.95
2005-10-20,57.90,58.38,54.08,54.89,3434600,46.83
2005-10-19,57.91,58.91,55.34,58.66,4195500,50.05
2005-10-18,59.96,60.90,57.83,57.95,2880600,49.44
2005-10-17,60.94,61.53,60.04,61.07,1874800,52.10
2005-10-14,60.11,62.78,57.31,60.14,2920000,51.31
2005-10-13,60.69,60.84,57.32,58.95,4128900,50.29
2005-10-12,63.16,63.16,60.59,61.18,1848200,52.19
2005-10-11,61.94,63.69,61.94,63.18,2460800,53.91
2005-10-10,62.30,62.31,59.91,60.89,2344000,51.95
2005-10-07,60.94,62.57,60.85,62.30,2796600,53.15
2005-10-06,59.28,61.47,58.28,59.82,4888900,51.04
2005-10-05,64.21,64.27,60.57,60.69,3448300,51.78
2005-10-04,65.73,65.81,63.65,63.89,2124100,54.51
2005-10-03,65.06,66.40,65.06,65.75,2341300,56.10
2005-09-30,65.44,65.64,64.78,65.06,2162800,55.51
2005-09-29,65.69,65.89,64.80,65.43,2873400,55.82
2005-09-28,64.96,65.48,64.00,65.27,2974700,55.69
2005-09-27,63.31,64.71,63.06,64.56,2684900,55.08
2005-09-26,63.40,64.11,62.19,63.69,4259200,54.34
2005-09-23,65.33,65.33,63.41,63.66,3023600,54.32
2005-09-22,65.78,67.80,63.66,65.33,6703400,55.74
2005-09-21,63.90,65.29,63.56,64.98,4590200,55.44
2005-09-20,63.00,63.19,61.57,62.19,3409700,53.06
2005-09-19,62.65,63.86,62.27,63.42,3521200,54.11
2005-09-16,62.64,62.64,60.84,61.18,4070000,52.19
2005-09-15,63.13,63.15,61.43,61.98,3663300,52.88
2005-09-14,63.27,63.60,62.17,62.72,3763000,53.52
2005-09-13,63.65,64.06,62.53,62.53,4644600,53.35
2005-09-12,64.90,65.98,62.87,63.30,4203300,54.01
2005-09-09,64.88,66.52,64.55,66.27,4451800,56.54
2005-09-08,64.27,65.29,63.61,64.05,3144700,54.64
2005-09-07,64.42,65.64,63.30,64.27,3810400,54.84
2005-09-06,63.22,64.56,62.02,64.41,4653800,54.96
2005-09-05,11.10,11.20,11.10,11.10,000,9.47
2005-09-02,64.94,64.94,62.18,62.61,4474900,53.42
2005-09-01,62.69,66.35,62.69,64.93,8895100,55.40
2005-08-31,57.65,60.92,57.41,60.49,7695100,51.61
2005-08-30,54.50,57.42,54.50,57.20,4051100,48.80
2005-08-29,54.41,54.50,53.11,54.04,2761900,46.10
2005-08-26,52.96,53.48,52.62,52.66,1622400,44.93
2005-08-25,53.11,53.21,52.79,53.01,1996700,45.23
2005-08-24,53.59,53.60,52.27,53.12,3777700,45.32
2005-08-23,52.78,52.83,51.61,51.90,2078200,44.28
2005-08-22,52.67,53.01,51.53,52.26,2309100,44.59
2005-08-19,51.33,52.00,51.08,51.98,2205100,44.35
2005-08-18,50.94,51.42,50.23,50.83,3430000,43.37
2005-08-17,53.69,53.69,50.75,50.94,4379200,43.46
2005-08-16,54.08,54.50,53.35,53.72,2309600,45.83
2005-08-15,54.68,54.73,54.07,54.50,1728700,46.49
2005-08-12,54.70,54.89,54.25,54.68,1886100,46.65
2005-08-11,54.90,55.28,54.30,54.66,2875700,46.64
2005-08-10,54.01,54.75,53.67,54.68,2488100,46.65
2005-08-09,53.74,53.76,53.17,53.37,1709500,45.54
2005-08-08,53.86,54.49,53.61,53.74,1892400,45.85
2005-08-05,53.50,53.77,52.96,53.40,1919600,45.56
2005-08-04,53.36,54.06,53.26,53.55,1875100,45.52
2005-08-03,54.75,54.75,53.28,53.46,2767900,45.44
2005-08-02,54.33,54.63,52.93,54.17,2467400,46.05
2005-08-01,52.55,53.60,52.55,53.60,2468500,22.78
2005-07-29,52.91,52.91,52.17,52.30,2224000,22.23
2005-07-28,51.58,52.31,51.13,52.29,1968500,22.22
2005-07-27,51.31,51.58,50.88,51.30,2233600,21.80
2005-07-26,50.78,51.54,50.73,51.31,2034600,21.81
2005-07-25,51.18,52.31,51.18,52.31,3198300,22.23
2005-07-22,49.61,51.45,49.61,51.45,2966800,21.87
2005-07-21,50.19,50.22,49.20,50.22,2633600,21.34
2005-07-20,49.55,50.54,49.09,50.19,2732200,21.33
2005-07-19,49.20,49.62,48.85,49.54,3067500,21.05
2005-07-18,49.50,49.51,48.82,49.08,2032200,20.86
2005-07-15,49.30,49.90,49.25,49.51,3078600,21.04
2005-07-14,50.40,50.71,49.01,50.71,4414900,21.55
2005-07-13,50.78,51.05,50.12,50.43,2254800,21.43
2005-07-12,50.44,51.12,50.44,51.12,3108400,21.73
2005-07-11,50.05,50.59,50.05,50.59,2823000,21.50
2005-07-08,50.54,50.80,49.51,50.04,2749500,21.27
2005-07-07,49.23,50.36,48.38,50.29,3124700,21.37
2005-07-06,50.50,50.64,49.32,50.64,2506500,21.52
2005-07-05,49.61,50.41,49.38,50.37,2912700,21.41
2005-07-04,15.20,16.00,15.20,15.20,000,6.46
2005-07-01,47.48,49.05,47.48,49.03,1956700,20.84
2005-06-30,47.65,48.36,47.29,48.36,2039100,20.55
2005-06-29,47.26,47.82,46.81,47.55,2757700,20.21
2005-06-28,48.05,48.75,47.24,47.26,2811000,20.08
2005-06-27,47.91,48.58,47.90,48.34,2145200,20.55
2005-06-24,47.55,47.89,47.38,47.71,2090800,20.28
2005-06-23,47.61,48.33,47.29,47.37,1884800,20.13
2005-06-22,47.36,47.84,47.36,47.84,3209300,20.33
2005-06-21,48.32,48.49,47.23,48.49,2778300,20.61
2005-06-20,48.36,48.74,48.36,48.74,2637200,20.72
2005-06-17,47.23,48.28,47.02,48.28,3348800,20.52
2005-06-16,46.92,47.09,46.92,47.09,2151200,20.01
2005-06-15,46.80,47.21,46.80,47.21,2665600,20.06
2005-06-14,45.66,46.71,45.66,46.71,2493200,19.85
2005-06-13,44.91,46.08,44.91,46.08,2937500,19.58
2005-06-10,45.18,45.54,44.50,45.10,2425900,19.17
2005-06-09,43.55,45.38,43.55,45.38,3723000,19.29
2005-06-08,43.31,44.51,43.14,43.32,3464400,18.41
2005-06-07,44.30,44.53,43.26,43.35,2642500,18.42
2005-06-06,44.45,44.48,43.60,44.38,2324700,18.86
2005-06-03,43.90,44.41,43.90,44.41,1911500,18.87
2005-06-02,43.85,44.10,43.79,44.10,2713700,18.74
2005-06-01,42.85,44.05,42.85,43.97,2475700,18.69
2005-05-31,42.85,43.07,42.12,42.67,2021100,18.13
2005-05-30,14.70,15.10,14.70,14.70,000,6.25
2005-05-27,42.49,43.29,42.49,43.29,1172100,18.40
2005-05-26,42.31,42.84,42.13,42.44,1823800,18.04
2005-05-25,41.98,42.59,41.98,42.59,3288200,18.10
2005-05-24,41.52,42.12,41.40,42.02,2173000,17.86
2005-05-23,41.37,41.63,41.24,41.63,3058600,17.69
2005-05-20,41.29,41.42,41.29,41.42,3052900,17.60
2005-05-19,39.99,41.37,39.92,41.01,3684300,17.43
2005-05-18,40.10,40.68,39.76,39.89,3895200,16.95
2005-05-17,39.27,40.09,39.27,40.09,4045900,17.04
2005-05-16,39.82,39.94,39.27,39.94,5774000,16.97
2005-05-13,40.78,40.78,39.47,39.90,4071100,16.96
2005-05-12,42.39,42.39,40.32,40.36,4277600,17.15
2005-05-11,42.10,42.53,41.90,42.47,2188400,18.05
2005-05-10,42.81,43.22,42.08,42.29,2451900,17.98
2005-05-09,42.16,42.89,42.16,42.89,2198500,18.23
2005-05-06,42.43,42.44,41.82,42.08,3688700,17.88
2005-05-05,40.55,41.77,40.35,41.64,4342500,17.53
2005-05-04,40.10,41.08,39.64,40.85,4202900,17.19
2005-05-03,41.13,41.27,40.10,41.27,3276200,17.37
2005-05-02,41.08,41.85,40.84,41.75,2563700,17.57
2005-04-29,41.22,41.59,41.22,41.59,4032900,17.51
2005-04-28,41.07,41.35,41.00,41.35,4019400,17.40
2005-04-27,42.02,42.08,40.76,41.07,3609100,17.29
2005-04-26,42.87,43.01,42.18,43.01,2333400,18.10
2005-04-25,43.26,44.00,42.91,43.12,3574500,18.15
2005-04-22,41.96,42.76,41.36,42.04,3012700,17.70
2005-04-21,40.14,42.04,39.94,41.96,3513700,17.66
2005-04-20,41.73,42.64,40.48,40.69,4479100,17.13
2005-04-19,41.50,41.87,41.50,41.87,4117000,17.62
2005-04-18,40.06,40.91,39.52,40.89,3991600,17.21
2005-04-15,41.60,41.85,40.16,41.85,4092800,17.62
2005-04-14,42.40,42.71,41.92,42.71,4272300,17.98
2005-04-13,42.44,43.34,41.95,43.34,3612200,18.24
2005-04-12,43.73,44.03,42.55,42.93,3550200,18.07
2005-04-11,43.63,44.09,43.11,43.94,2639100,18.49
2005-04-08,44.22,44.64,43.63,44.64,3761000,18.79
2005-04-07,45.69,45.71,44.57,45.71,4819000,19.24
2005-04-06,43.70,45.64,43.58,45.48,5782000,19.14
2005-04-05,44.32,44.43,43.70,44.43,3240400,18.70
2005-04-04,45.01,45.19,43.60,44.32,4612500,18.66
2005-04-01,43.68,44.86,43.59,44.74,5049000,18.83
2005-03-31,42.07,43.31,42.07,43.31,3390800,18.23
2005-03-30,41.19,41.84,40.45,41.80,3765800,17.60
2005-03-29,42.06,42.42,41.00,41.08,3282700,17.29
2005-03-28,42.16,42.49,42.04,42.49,2648800,17.89
2005-03-25,13.00,13.90,12.50,12.50,300,5.26
2005-03-24,42.59,42.84,41.68,42.27,3341800,17.79
2005-03-23,41.86,42.34,41.04,42.34,5726700,17.82
2005-03-22,42.54,43.09,41.76,41.85,3665800,17.62
2005-03-21,42.72,42.76,41.71,42.44,2685800,17.86
2005-03-18,42.56,42.76,42.56,42.76,2769200,18.00
2005-03-17,42.23,42.54,41.70,42.46,3920400,17.87
2005-03-16,41.10,42.35,41.10,42.35,3941100,17.83
2005-03-15,41.58,42.06,41.10,42.06,4297300,17.70
2005-03-14,41.60,41.73,40.56,41.58,2784300,17.50
2005-03-11,41.46,42.22,41.46,42.22,3473300,17.77
2005-03-10,42.35,42.56,41.46,42.56,5178800,17.91
2005-03-09,43.78,44.83,42.35,44.83,6470900,18.87
2005-03-08,42.98,43.88,42.86,43.78,2814100,18.43
2005-03-07,43.24,43.39,42.88,43.39,2212900,18.26
2005-03-04,42.35,43.42,42.12,43.32,3611500,18.23
2005-03-03,41.29,42.47,41.29,42.47,4476700,17.88
2005-03-02,40.37,41.01,40.37,41.01,2866100,17.26
2005-03-01,41.10,41.20,40.19,40.41,3308400,17.01
2005-02-28,41.39,41.91,39.80,41.23,4410600,17.35
2005-02-25,40.44,41.22,40.25,40.99,4148300,17.25
2005-02-24,40.19,40.66,39.78,40.44,4178300,17.02
2005-02-23,39.69,40.24,39.31,40.00,3962500,16.84
2005-02-22,40.56,40.90,39.71,39.74,3416800,16.73
2005-02-21,12.90,15.00,12.90,12.90,000,5.43
2005-02-18,40.01,40.64,40.01,40.64,3038200,17.11
2005-02-17,40.12,40.65,39.84,40.65,3033600,17.11
2005-02-16,39.64,40.22,39.36,40.18,2682400,16.91
2005-02-15,39.61,39.89,39.58,39.89,1477800,16.79
2005-02-14,39.64,39.94,39.33,39.71,1782700,16.72
2005-02-11,39.40,39.94,39.40,39.94,1817300,16.81
2005-02-10,38.45,39.42,38.26,39.40,2383100,16.58
2005-02-09,38.52,38.68,37.93,38.22,2627600,16.09
2005-02-08,37.66,38.72,37.45,38.52,2667800,16.21
2005-02-07,38.44,38.63,37.74,37.93,2029500,15.84
2005-02-04,38.75,38.75,38.00,38.58,2804500,16.11
2005-02-03,37.88,38.75,37.88,38.75,3413400,16.18
2005-02-02,37.11,38.27,37.04,37.88,4888400,15.82
2005-02-01,36.62,37.57,36.56,37.52,3697600,15.67
2005-01-31,35.42,36.59,35.42,36.59,2031000,15.28
2005-01-28,35.94,35.94,35.32,35.64,1540100,14.88
2005-01-27,35.61,36.23,35.47,36.01,2445900,15.04
2005-01-26,34.97,35.63,34.97,35.63,2809600,14.88
2005-01-25,34.76,35.03,34.76,35.03,1628600,14.63
2005-01-24,34.89,35.31,34.22,34.56,2602600,14.43
2005-01-21,34.67,34.94,34.53,34.94,3063700,14.59
2005-01-20,35.40,35.40,34.37,34.56,3727900,14.43
2005-01-19,34.32,35.07,34.28,34.89,3050400,14.57
2005-01-18,34.26,35.05,34.26,34.56,2559100,14.43
2005-01-17,12.20,12.60,12.00,12.60,3000,5.26
2005-01-14,33.49,34.17,33.32,34.08,2200000,14.23
2005-01-13,33.50,34.09,33.45,33.78,3394900,14.11
2005-01-12,32.85,33.28,32.42,33.26,2524200,13.89
2005-01-11,32.55,33.07,32.44,32.83,1848800,13.71
2005-01-10,32.59,32.99,32.42,32.55,2245600,13.59
2005-01-07,32.49,32.49,31.80,32.21,3747600,13.45
2005-01-06,31.89,33.20,31.89,33.20,2812200,13.87
2005-01-05,32.35,32.70,31.69,31.89,2399200,13.32
2005-01-04,32.54,32.90,32.34,32.90,2126200,13.74
2005-01-03,33.99,33.99,32.29,33.99,2588400,14.19
2004-12-31,33.92,34.18,33.88,33.99,674000,14.19
2004-12-30,34.09,34.20,33.83,34.20,1085100,14.28
2004-12-29,34.03,34.63,33.86,34.15,2204300,14.26
2004-12-28,33.51,33.97,33.51,33.76,1091800,14.10
2004-12-27,34.19,34.22,33.36,33.41,2084800,13.95
2004-12-24,12.60,13.70,12.60,12.60,000,5.26
2004-12-23,34.27,34.58,34.20,34.58,1333100,14.44
2004-12-22,34.69,34.94,33.42,34.05,2588400,14.22
2004-12-21,34.57,34.65,34.07,34.48,1564600,14.40
2004-12-20,34.34,34.91,34.32,34.52,1592300,14.42
2004-12-17,34.36,34.72,34.24,34.31,2671100,14.33
2004-12-16,34.92,35.15,34.44,35.15,2492500,14.68
2004-12-15,34.32,35.16,34.07,35.11,4068200,14.66
2004-12-14,33.85,34.03,33.28,33.59,2382900,14.03
2004-12-13,33.18,33.85,33.18,33.85,2426600,14.14
2004-12-10,33.72,33.72,32.78,33.12,1923800,13.83
2004-12-09,32.95,33.22,32.61,33.12,2815400,13.83
2004-12-08,32.14,33.05,32.14,33.05,4237200,13.80
2004-12-07,32.86,33.08,32.20,32.23,3439400,13.46
2004-12-06,33.23,33.50,32.88,33.26,2257900,13.89
2004-12-03,32.45,33.36,32.45,33.12,3530300,13.83
2004-12-02,33.24,33.32,31.99,32.59,3646400,13.61
2004-12-01,34.30,34.32,33.33,34.32,3823000,14.33
2004-11-30,34.19,34.51,33.89,34.34,2153800,14.34
2004-11-29,34.41,34.54,33.86,34.29,2024200,14.32
2004-11-26,34.00,34.74,34.00,34.45,961500,14.39
2004-11-25,14.00,14.70,14.00,14.60,9800,6.10
2004-11-24,33.60,33.99,33.28,33.92,2425700,14.16
2004-11-23,33.42,34.01,33.42,34.01,2537700,14.20
2004-11-22,32.78,33.39,32.78,33.39,2311000,13.94
2004-11-19,32.69,32.98,32.44,32.68,2251400,13.65
2004-11-18,32.38,32.82,32.09,32.63,3020600,13.63
2004-11-17,31.44,32.32,31.38,32.26,3150200,13.47
2004-11-16,31.22,31.76,31.22,31.32,2256900,13.08
2004-11-15,31.51,31.54,31.41,31.54,2715400,13.17
2004-11-12,30.91,31.87,30.90,31.77,2789900,13.26
2004-11-11,30.88,31.18,30.62,30.97,2741300,12.93
2004-11-10,30.89,31.21,30.48,31.10,3565100,12.99
2004-11-09,30.60,30.91,30.40,30.70,2687200,12.82
2004-11-08,31.31,31.35,30.65,30.78,2815600,12.85
2004-11-05,31.24,31.78,31.24,31.78,2934600,13.15
2004-11-04,31.18,31.28,30.77,31.25,3320900,12.92
2004-11-03,30.77,31.35,30.77,31.35,3161700,12.97
2004-11-02,30.56,30.84,30.15,30.47,3416800,12.60
2004-11-01,31.10,31.37,30.27,30.56,3075000,12.64
2004-10-29,30.30,30.97,30.13,30.93,2585300,12.80
2004-10-28,31.05,31.15,30.23,31.15,3463200,12.89
2004-10-27,31.80,32.24,30.88,31.21,3575000,12.91
2004-10-26,31.28,31.79,31.28,31.79,3107900,13.15
2004-10-25,31.35,31.54,31.25,31.54,2636300,13.05
2004-10-22,31.05,31.61,30.79,31.35,2425700,12.97
2004-10-21,30.66,31.03,30.66,31.03,2784100,12.84
2004-10-20,29.69,30.58,29.69,30.58,3884100,12.65
2004-10-19,29.63,30.06,29.59,30.06,2450200,12.43
2004-10-18,30.21,30.49,29.52,29.63,3094700,12.26
2004-10-15,30.85,30.89,29.98,30.21,2427400,12.50
2004-10-14,30.20,31.08,30.16,30.60,3058900,12.66
2004-10-13,30.58,30.58,30.08,30.58,3521600,12.65
2004-10-12,31.03,31.47,30.48,30.84,2335800,12.76
2004-10-11,31.41,31.43,30.89,31.43,2708900,13.00
2004-10-08,31.67,31.79,30.85,31.19,3057400,12.90
2004-10-07,32.12,32.46,31.49,31.67,3084600,13.10
2004-10-06,31.32,32.06,31.32,32.06,2831500,13.26
2004-10-05,31.61,31.61,31.17,31.29,3570200,12.94
2004-10-04,30.99,31.30,30.87,31.30,2301900,12.95
2004-10-01,30.78,31.00,30.55,30.99,1907700,12.82
2004-09-30,30.29,30.94,30.29,30.78,2981900,12.73
2004-09-29,30.43,30.43,29.85,30.19,2273500,12.49
2004-09-28,29.75,30.57,29.75,30.57,3525000,12.65
2004-09-27,29.94,30.05,29.43,29.64,2363400,12.26
2004-09-24,29.54,30.20,29.54,30.20,3049200,12.49
2004-09-23,29.22,29.64,29.22,29.64,4148500,12.26
2004-09-22,28.96,29.39,28.96,29.39,4278300,12.16
2004-09-21,28.12,29.35,28.08,29.30,4370900,12.12
2004-09-20,28.02,28.18,28.02,28.18,2351400,11.66
2004-09-17,27.56,27.98,27.49,27.84,2139400,11.52
2004-09-16,27.22,27.49,27.22,27.49,2198000,11.37
2004-09-15,27.89,27.89,27.07,27.19,4706900,11.25
2004-09-14,27.01,27.75,27.01,27.75,3704300,11.48
2004-09-13,26.40,27.00,26.40,27.00,2823300,11.17
2004-09-10,26.52,26.52,26.10,26.26,1889900,10.86
2004-09-09,25.73,26.54,25.73,26.52,3075900,10.97
2004-09-08,25.68,26.08,25.68,26.08,2443000,10.79
2004-09-07,25.67,25.98,25.18,25.89,3720900,10.71
2004-09-06,16.00,16.00,16.00,16.00,3600,6.62
2004-09-03,25.79,25.95,25.65,25.71,1644900,10.63
2004-09-02,25.92,26.08,25.85,26.08,2403600,10.79
2004-09-01,25.63,26.08,25.51,25.82,3057900,10.68
2004-08-31,25.40,25.73,25.40,25.73,2093700,10.64
2004-08-30,25.55,25.69,25.40,25.69,1994000,10.63
2004-08-27,25.25,25.59,25.21,25.54,1799700,10.57
2004-08-26,25.06,25.23,25.06,25.23,3106500,10.44
2004-08-25,25.27,25.49,25.04,25.49,3408900,10.54
2004-08-24,25.43,25.51,25.11,25.26,2925700,10.45
2004-08-23,25.66,25.93,25.37,25.43,3081700,10.52
2004-08-20,25.69,26.18,25.55,26.18,3646400,10.83
2004-08-19,25.52,26.06,25.17,25.67,3238900,10.62
2004-08-18,24.71,25.31,24.71,25.14,3622300,10.40
2004-08-17,25.33,25.34,24.61,24.61,3901200,10.18
2004-08-16,25.00,25.43,24.98,25.33,3085300,10.48
2004-08-13,24.84,25.21,24.79,24.91,1843200,10.30
2004-08-12,24.69,25.07,24.49,24.54,1839900,10.15
2004-08-11,25.38,25.41,24.44,24.55,5298500,10.16
2004-08-10,26.02,26.02,25.27,25.38,3864900,10.50
2004-08-09,25.52,26.35,25.44,25.95,2923300,10.73
2004-08-06,25.38,25.96,24.88,25.31,3409300,10.47
2004-08-05,27.10,27.10,25.29,25.49,6385300,10.42
2004-08-04,28.35,28.35,27.04,27.10,3203800,11.08
2004-08-03,28.44,28.75,28.33,28.35,1719200,11.59
2004-08-02,28.36,28.40,28.33,28.40,2115600,11.61
2004-07-30,28.32,28.50,28.24,28.36,1441100,11.59
2004-07-29,28.08,28.31,27.81,28.22,1915300,11.53
2004-07-28,27.47,27.87,27.40,27.81,2061500,11.37
2004-07-27,27.06,27.51,26.73,27.41,1148300,11.20
2004-07-26,27.18,27.26,26.84,27.06,2126400,11.06
2004-07-23,27.15,27.16,26.80,26.99,1607400,11.03
2004-07-22,27.52,27.82,26.87,27.03,2336000,11.05
2004-07-21,28.60,28.71,27.24,27.53,2925400,11.25
2004-07-20,28.90,29.02,28.47,28.60,1713200,11.69
2004-07-19,28.95,29.05,28.45,28.70,2332400,11.73
2004-07-16,28.60,29.16,28.60,29.16,2497100,11.92
2004-07-15,28.07,28.23,27.86,27.98,1288700,11.44
2004-07-14,27.50,28.08,27.50,28.08,1726200,11.48
2004-07-13,27.47,27.50,27.15,27.49,1514400,11.24
2004-07-12,27.82,27.87,27.33,27.48,1322800,11.23
2004-07-09,27.74,27.86,27.62,27.74,1628600,11.34
2004-07-08,28.12,28.28,27.43,27.73,2600000,11.34
2004-07-07,26.70,28.05,26.70,28.05,4081900,11.47
2004-07-06,26.70,27.01,26.57,26.70,1189900,10.91
2004-07-05,15.50,15.90,15.50,15.90,1000,6.50
2004-07-02,26.57,26.68,26.27,26.59,1013200,10.87
2004-07-01,26.47,26.71,26.34,26.57,1665800,10.86
2004-06-30,25.96,26.53,25.92,26.47,1653800,10.82
2004-06-29,25.65,26.02,25.64,25.96,2300700,10.61
2004-06-28,26.12,26.12,25.50,25.59,2423800,10.46
2004-06-25,26.17,26.41,26.08,26.15,1459800,10.69
2004-06-24,26.46,26.55,26.17,26.17,1760100,10.70
2004-06-23,26.23,26.62,26.04,26.55,2850700,10.85
2004-06-22,25.93,26.20,25.87,26.17,1799700,10.70
2004-06-21,26.24,26.33,25.81,25.88,2348300,10.58
2004-06-18,25.92,26.12,25.74,25.98,1709300,10.62
2004-06-17,25.81,25.95,25.66,25.92,2257900,10.59
2004-06-16,25.79,26.18,25.66,25.78,1859800,10.54
2004-06-15,25.16,25.79,25.16,25.65,2500000,10.48
2004-06-14,25.16,25.16,24.84,24.89,1976600,10.18
2004-06-11,15.10,17.90,15.10,15.10,000,6.17
2004-06-10,25.49,25.57,25.08,25.16,1775200,10.28
2004-06-09,25.01,25.44,24.61,25.37,2942500,10.37
2004-06-08,25.60,25.94,25.01,25.94,3734100,10.60
2004-06-07,25.01,25.63,24.84,25.56,1484800,10.45
2004-06-04,25.19,25.23,25.01,25.23,2215600,10.31
2004-06-03,25.92,26.08,25.13,25.13,2465100,10.27
2004-06-02,26.08,26.21,25.64,25.68,1471100,10.50
2004-06-01,25.81,26.12,25.75,26.08,2042300,10.66
2004-05-31,15.00,18.00,15.00,15.00,000,6.13
2004-05-28,25.15,25.63,25.15,25.60,4025500,10.46
2004-05-27,25.31,25.32,24.83,25.09,2406700,10.26
2004-05-26,25.50,25.73,25.27,25.31,1852600,10.35
2004-05-25,25.23,25.54,25.15,25.50,2843000,10.42
2004-05-24,24.36,25.24,24.36,25.24,2791600,10.32
2004-05-21,24.74,24.90,24.36,24.90,4071800,10.18
2004-05-20,24.96,25.03,24.69,24.73,1718700,10.11
2004-05-19,25.05,25.41,24.86,25.41,2473300,10.39
2004-05-18,25.56,25.56,24.87,24.98,2091500,10.21
2004-05-17,25.64,25.93,25.50,25.65,1348300,10.49
2004-05-14,25.74,25.81,25.64,25.81,2660500,10.55
2004-05-13,25.46,25.88,25.42,25.74,2423000,10.52
2004-05-12,25.04,25.50,24.79,25.50,2763200,10.42
2004-05-11,24.54,25.00,24.54,24.97,1250000,10.21
2004-05-10,24.65,24.66,24.34,24.66,3173500,10.08
2004-05-07,25.96,26.16,25.23,25.23,2038900,10.31
2004-05-06,26.62,26.67,25.72,26.00,2655500,10.63
2004-05-05,26.52,26.68,26.20,26.60,2338900,10.76
2004-05-04,26.47,26.75,26.19,26.32,2812500,10.65
2004-05-03,26.21,26.59,25.94,26.50,3899500,10.72
2004-04-30,26.42,26.62,26.17,26.17,2006500,10.59
2004-04-29,27.13,27.25,26.06,26.37,2905500,10.67
2004-04-28,26.94,27.33,26.63,27.14,3663000,10.98
2004-04-27,26.65,27.12,26.53,26.91,1900900,10.89
2004-04-26,26.46,27.00,26.46,26.62,1886700,10.77
2004-04-23,26.73,26.73,26.12,26.43,1345900,10.69
2004-04-22,25.67,26.92,25.53,26.75,2832900,10.82
2004-04-21,26.37,26.41,25.71,25.95,2521800,10.50
2004-04-20,26.12,26.69,26.12,26.69,2481700,10.80
2004-04-19,26.03,26.52,26.03,26.52,1917300,10.73
2004-04-16,26.24,26.41,25.97,26.03,1775700,10.53
2004-04-15,25.88,26.52,25.88,26.25,1620400,10.62
2004-04-14,26.23,26.52,25.84,26.52,2812200,10.73
2004-04-13,26.71,26.99,26.34,26.40,2272100,10.68
2004-04-12,25.79,26.47,25.79,26.32,2042000,10.65
2004-04-09,16.10,17.80,16.10,16.10,000,6.51
2004-04-08,25.44,25.69,25.44,25.69,1467700,10.39
2004-04-07,24.91,25.43,24.91,25.43,2634600,10.29
2004-04-06,24.92,25.24,24.82,25.01,2511500,10.12
2004-04-05,24.58,24.84,24.46,24.77,1778300,10.02
2004-04-02,24.54,24.81,24.36,24.52,3304300,9.92
2004-04-01,25.95,26.08,24.65,24.77,5033400,10.02
2004-03-31,25.58,26.04,25.44,25.95,2008900,10.50
2004-03-30,25.63,25.73,25.58,25.73,1658900,10.41
2004-03-29,25.22,25.71,25.22,25.63,873800,10.37
2004-03-26,24.93,25.33,24.93,25.16,1735300,10.18
2004-03-25,25.19,25.21,24.94,25.21,1964400,10.20
2004-03-24,25.37,25.53,25.11,25.53,1530700,10.33
2004-03-23,25.05,25.51,25.02,25.37,1545600,10.26
2004-03-22,25.17,25.29,24.92,24.99,703800,10.11
2004-03-19,25.37,26.13,25.26,25.35,1546600,10.26
2004-03-18,25.15,25.54,25.15,25.54,1640600,10.33
2004-03-17,24.72,25.33,24.72,25.33,1731700,10.25
2004-03-16,24.98,25.08,24.66,25.08,1319400,10.15
2004-03-15,25.11,25.15,24.90,25.15,1281700,10.17
2004-03-12,24.75,25.06,24.49,25.03,1880500,10.13
2004-03-11,25.25,25.29,24.77,24.86,1545900,10.06
2004-03-10,25.88,25.88,25.23,25.29,1600400,10.23
2004-03-09,26.28,26.28,25.75,25.79,1018200,10.43
2004-03-08,26.41,26.82,26.25,26.28,870600,10.63
2004-03-05,25.64,26.41,25.63,26.24,1585300,10.62
2004-03-04,25.50,25.65,25.35,25.64,769900,10.37
2004-03-03,25.38,25.63,25.05,25.50,1270600,10.32
2004-03-02,25.83,26.09,25.42,25.48,1608400,10.31
2004-03-01,25.65,26.26,25.60,25.96,1975400,10.50
2004-02-27,24.96,25.69,24.96,25.58,1637700,10.35
2004-02-26,24.53,25.05,24.53,25.05,1140300,10.13
2004-02-25,24.24,24.66,24.24,24.66,1310500,9.98
2004-02-24,24.23,24.39,24.23,24.39,1759300,9.87
2004-02-23,24.20,24.27,24.20,24.27,960500,9.82
2004-02-20,24.33,24.38,24.20,24.38,1312500,9.86
2004-02-19,24.44,24.71,24.22,24.23,849000,9.80
2004-02-18,24.69,24.75,24.31,24.40,906000,9.87
2004-02-17,24.36,24.81,24.36,24.67,1101200,9.98
2004-02-16,16.20,18.00,16.20,16.20,000,6.55
2004-02-13,24.39,24.67,24.21,24.29,908400,9.83
2004-02-12,24.46,24.59,24.32,24.39,842000,9.87
2004-02-11,23.80,24.54,23.77,24.53,1732200,9.92
2004-02-10,23.50,23.84,23.50,23.84,1165800,9.64
2004-02-09,23.28,23.63,23.28,23.63,912000,9.56
2004-02-06,23.20,23.30,23.01,23.28,1227800,9.42
2004-02-05,23.36,23.66,23.30,23.35,1702800,9.34
2004-02-04,23.35,23.54,23.24,23.36,1403100,9.34
2004-02-03,23.17,23.42,23.11,23.35,1269900,9.34
2004-02-02,23.11,23.42,23.11,23.42,2064100,9.36
2004-01-30,23.13,23.30,22.94,23.07,1666500,9.22
2004-01-29,23.73,23.73,23.07,23.33,1977800,9.33
2004-01-28,23.76,23.80,23.64,23.80,1612200,9.51
2004-01-27,23.92,24.02,23.70,23.75,1260300,9.50
2004-01-26,23.88,23.92,23.58,23.91,2227400,9.56
2004-01-23,23.41,23.94,23.41,23.94,1831700,9.57
2004-01-22,23.49,23.49,23.09,23.33,1551400,9.33
2004-01-21,23.35,23.65,23.19,23.59,1710300,9.43
2004-01-20,22.90,23.51,22.90,23.51,1887200,9.40
2004-01-19,17.10,17.80,16.90,17.80,6800,7.12
2004-01-16,22.79,22.95,22.65,22.82,1433600,9.12
2004-01-15,22.87,23.00,22.60,22.76,2030500,9.10
2004-01-14,22.38,22.94,22.13,22.88,3574000,9.15
2004-01-13,21.98,23.34,21.98,22.79,4062700,9.11
2004-01-12,21.64,22.01,21.59,21.98,1228100,8.79
2004-01-09,21.72,21.88,21.47,21.60,1755700,8.63
2004-01-08,21.95,21.97,21.72,21.97,1541800,8.78
2004-01-07,21.67,21.99,21.64,21.95,2616600,8.78
2004-01-06,21.84,21.86,21.54,21.80,1317300,8.71
2004-01-05,21.34,21.80,21.17,21.79,2644900,8.71
2004-01-02,21.37,21.42,21.01,21.13,1492000,8.45
2004-01-01,18.30,18.30,18.30,18.30,000,7.32
2003-12-31,21.54,21.58,21.28,21.58,1745600,8.63
2003-12-30,21.67,21.75,21.51,21.63,1235800,8.65
2003-12-29,21.37,21.71,21.37,21.71,1234300,8.68
2003-12-26,21.31,21.50,21.30,21.37,517500,8.54
2003-12-25,18.40,18.40,18.40,18.40,200,7.36
2003-12-24,20.90,21.44,20.90,21.44,729800,8.57
2003-12-23,21.05,21.08,20.70,20.95,2857200,8.38
2003-12-22,21.26,21.40,21.26,21.40,2580500,8.56
2003-12-19,21.80,21.88,21.49,21.61,2215600,8.64
2003-12-18,20.87,21.74,20.85,21.72,3249200,8.68
2003-12-17,20.41,20.86,20.41,20.82,1900000,8.32
2003-12-16,20.25,20.50,20.25,20.39,1710800,8.15
2003-12-15,20.38,20.41,20.22,20.25,1210100,8.10
2003-12-12,20.07,20.38,20.07,20.38,1927400,8.15
2003-12-11,19.76,20.05,19.68,20.05,2158100,8.02
2003-12-10,20.34,20.35,19.98,20.09,1779000,8.03
2003-12-09,20.46,20.63,20.37,20.38,1517000,8.15
2003-12-08,20.53,20.55,20.48,20.55,1548800,8.22
2003-12-05,20.63,20.90,20.44,20.47,1599000,8.18
2003-12-04,20.12,20.66,20.09,20.63,1705500,8.25
2003-12-03,20.37,20.38,20.12,20.38,1980300,8.15
2003-12-02,20.32,20.63,20.24,20.39,2910500,8.15
2003-12-01,20.05,20.46,20.03,20.38,1893500,8.15
2003-11-28,19.91,20.08,19.91,20.08,683400,8.03
2003-11-27,18.60,19.50,18.40,18.40,10800,7.36
2003-11-26,19.83,20.02,19.83,19.98,1803800,7.99
2003-11-25,19.41,19.91,19.41,19.91,2165100,7.96
2003-11-24,19.26,19.41,19.26,19.41,1544900,7.76
2003-11-21,19.34,19.35,19.18,19.25,2106500,7.70
2003-11-20,18.86,19.24,18.86,19.24,2244200,7.69
2003-11-19,18.72,18.97,18.72,18.97,1321600,7.59
2003-11-18,18.72,18.75,18.64,18.69,996800,7.47
2003-11-17,18.84,18.84,18.61,18.72,954800,7.48
2003-11-14,18.84,19.12,18.81,18.98,1590600,7.59
2003-11-13,18.69,18.84,18.69,18.84,1043700,7.53
2003-11-12,18.37,18.72,18.37,18.72,1083400,7.48
2003-11-11,18.47,18.47,18.34,18.47,1240300,7.38
2003-11-10,18.51,18.51,18.22,18.47,1102100,7.38
2003-11-07,18.46,18.51,18.46,18.51,1422100,7.40
2003-11-06,18.55,18.57,18.45,18.57,1092300,7.43
2003-11-05,18.39,18.64,18.07,18.60,1474200,7.33
2003-11-04,18.20,18.44,18.20,18.44,1212400,7.26
2003-11-03,18.06,18.34,17.95,18.26,1483200,7.19
2003-10-31,18.01,18.27,18.01,18.27,1667700,7.20
2003-10-30,17.57,18.01,17.57,18.01,1811000,7.09
2003-10-29,17.45,17.63,17.45,17.63,1266300,6.94
2003-10-28,17.39,17.53,17.22,17.43,1562200,6.86
2003-10-27,17.26,17.30,17.13,17.29,1076400,6.81
2003-10-24,17.43,17.61,17.26,17.26,1089100,6.80
2003-10-23,17.06,17.58,16.79,17.57,1805700,6.92
2003-10-22,17.08,17.22,17.02,17.22,947800,6.78
2003-10-21,17.16,17.16,17.06,17.16,1509800,6.76
2003-10-20,17.35,17.43,17.21,17.34,566300,6.83
2003-10-17,17.55,17.55,17.26,17.35,727400,6.83
2003-10-16,17.48,17.61,17.38,17.49,701900,6.89
2003-10-15,17.65,17.65,17.36,17.45,577100,6.87
2003-10-14,17.64,17.66,17.64,17.66,812000,6.96
2003-10-13,17.58,17.77,17.58,17.77,572300,7.00
2003-10-10,17.40,17.57,17.40,17.57,1134100,6.92
2003-10-09,17.36,17.45,17.23,17.36,865300,6.84
2003-10-08,17.43,17.51,17.36,17.51,956900,6.90
2003-10-07,17.29,17.35,17.16,17.35,568200,6.83
2003-10-06,17.39,17.48,17.24,17.42,670900,6.86
2003-10-03,17.16,17.53,17.16,17.53,1272100,6.90
2003-10-02,16.94,17.06,16.94,17.06,814400,6.72
2003-10-01,16.76,16.94,16.68,16.94,1228300,6.67
2003-09-30,16.63,16.95,16.43,16.73,1612900,6.59
2003-09-29,16.43,16.62,16.43,16.59,1175900,6.53
2003-09-26,16.34,16.43,16.34,16.43,1071400,6.47
2003-09-25,16.60,16.66,16.32,16.33,842000,6.43
2003-09-24,16.60,16.74,16.56,16.64,1067000,6.56
2003-09-23,16.36,16.56,16.36,16.56,921400,6.52
2003-09-22,16.33,16.42,16.31,16.32,773000,6.43
2003-09-19,16.39,16.44,16.39,16.44,1017700,6.48
2003-09-18,16.35,16.41,16.25,16.35,939600,6.44
2003-09-17,16.57,16.61,16.33,16.34,1433900,6.44
2003-09-16,16.67,16.76,16.61,16.62,746800,6.55
2003-09-15,16.68,16.77,16.68,16.76,606200,6.60
2003-09-12,16.80,16.82,16.68,16.75,712000,6.60
2003-09-11,16.76,16.82,16.73,16.74,872600,6.59
2003-09-10,16.88,16.97,16.54,16.67,1317300,6.57
2003-09-09,17.10,17.10,16.79,16.88,1196100,6.65
2003-09-08,16.97,17.23,16.95,17.09,1296100,6.73
2003-09-05,16.60,16.96,16.60,16.96,1373500,6.68
2003-09-04,16.67,16.72,16.60,16.72,1369400,6.59
2003-09-03,17.03,17.03,16.66,16.67,1511000,6.57
2003-09-02,17.04,17.10,16.86,17.06,1158900,6.72
2003-09-01,22.00,22.20,21.60,22.00,20000,8.67
2003-08-29,16.67,16.96,16.67,16.90,913400,6.66
2003-08-28,16.48,16.65,16.36,16.64,852100,6.56
2003-08-27,16.47,16.59,16.42,16.49,764100,6.50
2003-08-26,16.56,16.58,16.20,16.49,1610100,6.50
2003-08-25,16.46,16.64,16.46,16.64,808600,6.55
2003-08-22,16.80,16.81,16.49,16.81,551600,6.62
2003-08-21,16.62,16.81,16.62,16.81,589400,6.62
2003-08-20,16.56,16.62,16.49,16.58,727800,6.53
2003-08-19,16.59,16.66,16.59,16.66,1099200,6.56
2003-08-18,16.93,16.97,16.67,16.70,1418000,6.58
2003-08-15,16.82,17.13,16.82,17.13,1143000,6.75
2003-08-14,16.50,16.73,16.49,16.67,1174000,6.57
2003-08-13,16.35,16.55,16.35,16.55,1396800,6.52
2003-08-12,16.15,16.30,16.15,16.30,1050400,6.42
2003-08-11,16.03,16.20,16.03,16.20,1071400,6.38
2003-08-08,15.91,16.22,15.91,16.22,1124500,6.39
2003-08-07,15.18,15.80,15.16,15.76,1659300,6.21
2003-08-06,14.95,15.22,14.95,15.22,1201400,6.00
2003-08-05,15.15,15.35,15.15,15.35,870400,5.95
2003-08-04,15.27,15.29,15.05,15.15,856700,5.87
2003-08-01,15.45,15.45,15.20,15.36,562200,5.95
2003-07-31,15.48,15.60,15.39,15.60,988700,6.04
2003-07-30,15.48,15.49,15.33,15.46,1021600,5.99
2003-07-29,15.52,15.57,15.33,15.41,878800,5.97
2003-07-28,15.46,15.57,15.46,15.57,863400,6.03
2003-07-25,15.49,15.65,15.39,15.57,1323800,6.03
2003-07-24,15.85,15.92,15.56,15.58,1434600,6.04
2003-07-23,15.85,15.90,15.75,15.82,890800,6.13
2003-07-22,15.77,15.90,15.75,15.82,1186500,6.13
2003-07-21,15.95,16.06,15.80,16.06,1231400,6.22
2003-07-18,15.93,15.97,15.89,15.97,1125700,6.19
2003-07-17,15.71,15.93,15.60,15.85,1103800,6.14
2003-07-16,15.94,15.94,15.64,15.68,952600,6.08
2003-07-15,15.94,16.05,15.83,15.85,1246100,6.14
2003-07-14,15.87,16.03,15.87,16.03,1207600,6.21
2003-07-11,15.73,15.85,15.73,15.85,886300,6.14
2003-07-10,15.96,15.96,15.70,15.75,1535100,6.10
2003-07-09,15.94,16.08,15.87,16.06,1988700,6.22
2003-07-08,15.71,15.95,15.57,15.92,1295400,6.17
2003-07-07,15.81,15.85,15.64,15.71,1289900,6.09
2003-07-04,17.20,17.40,17.10,17.40,6200,6.74
2003-07-03,15.65,15.84,15.54,15.77,879000,6.11
2003-07-02,15.65,15.70,15.65,15.70,1500700,6.08
2003-07-01,15.70,15.75,15.49,15.65,2415300,6.06
2003-06-30,15.68,15.85,15.55,15.70,1817000,6.08
2003-06-27,15.53,15.68,15.43,15.54,828600,6.02
2003-06-26,15.57,15.61,15.42,15.48,1125900,6.00
2003-06-25,15.61,15.84,15.54,15.55,1315800,6.03
2003-06-24,15.71,15.78,15.63,15.78,2312200,6.12
2003-06-23,15.64,15.75,15.52,15.72,1187000,6.09
2003-06-20,15.66,15.74,15.64,15.74,2020400,6.10
2003-06-19,15.85,15.85,15.62,15.66,1247100,6.07
2003-06-18,15.81,15.89,15.81,15.89,1581400,6.16
2003-06-17,16.07,16.07,15.85,16.07,2376400,6.23
2003-06-16,15.76,16.11,15.76,16.11,1903300,6.24
2003-06-13,15.87,15.87,15.61,15.75,1780700,6.10
2003-06-12,15.97,16.06,15.73,15.87,1265100,6.15
2003-06-11,15.70,16.22,15.70,16.22,2810300,6.29
2003-06-10,15.31,15.62,15.28,15.62,3164400,6.05
2003-06-09,15.24,15.32,15.13,15.29,2251400,5.92
2003-06-06,15.33,15.41,15.33,15.41,2893700,5.97
2003-06-05,15.28,15.36,15.28,15.36,2099700,5.95
2003-06-04,15.29,15.38,15.29,15.38,2694400,5.96
2003-06-03,15.20,15.35,15.20,15.35,2747100,5.95
2003-06-02,15.33,15.34,15.28,15.34,3678800,5.94
2003-05-30,15.20,15.36,15.20,15.33,2311500,5.94
2003-05-29,15.29,15.33,15.21,15.33,3056000,5.94
2003-05-28,15.52,15.52,15.27,15.52,3505000,6.01
2003-05-27,15.20,15.58,15.20,15.52,2337200,6.01
2003-05-26,16.60,16.60,16.60,16.60,1000,6.43
2003-05-23,15.29,15.38,15.29,15.38,1768500,5.96
2003-05-22,15.54,15.54,15.29,15.54,3292500,6.02
2003-05-21,15.66,15.68,15.55,15.68,4129500,6.08
2003-05-20,15.68,15.69,15.52,15.61,2745400,6.05
2003-05-19,15.79,15.81,15.61,15.81,1623800,6.12
2003-05-16,15.80,16.02,15.80,16.02,3411500,6.21
2003-05-15,15.80,15.85,15.71,15.85,1079000,6.14
2003-05-14,15.54,15.87,15.54,15.87,2409100,6.15
2003-05-13,15.58,15.68,15.58,15.68,2519400,6.08
2003-05-12,15.52,15.60,15.35,15.58,2510800,6.04
2003-05-09,15.60,15.60,15.41,15.52,1719400,6.01
2003-05-08,15.62,15.74,15.60,15.74,1522300,6.10
2003-05-07,15.60,15.84,15.60,15.84,2069700,6.14
2003-05-06,15.77,15.97,15.64,15.71,1790300,5.99
2003-05-05,15.77,15.82,15.72,15.80,1748300,6.02
2003-05-02,15.43,15.83,15.42,15.66,1831200,5.97
2003-05-01,15.50,15.52,15.35,15.48,2687000,5.90
2003-04-30,15.18,15.61,15.15,15.48,3645600,5.90
2003-04-29,15.52,15.60,15.18,15.60,1785300,5.95
2003-04-28,15.52,15.76,15.49,15.60,1101200,5.95
2003-04-25,15.70,15.70,15.46,15.46,1600000,5.90
2003-04-24,15.52,15.83,15.50,15.81,2884800,6.03
2003-04-23,15.72,15.74,15.26,15.33,3675900,5.85
2003-04-22,15.85,15.85,15.65,15.77,1950700,6.01
2003-04-21,15.80,15.91,15.80,15.91,958600,6.07
2003-04-18,16.50,18.00,16.50,16.70,10300,6.37
2003-04-17,15.55,15.89,15.55,15.89,2878300,6.06
2003-04-16,15.25,15.57,15.25,15.57,3350900,5.94
2003-04-15,15.34,15.45,15.18,15.27,2198300,5.82
2003-04-14,15.30,15.62,15.28,15.55,1768700,5.93
2003-04-11,15.28,15.39,15.18,15.26,1348500,5.82
2003-04-10,15.22,15.26,15.02,15.24,1379000,5.81
2003-04-09,14.96,15.13,14.96,15.13,2951900,5.77
2003-04-08,15.35,15.35,14.73,14.88,3103100,5.67
2003-04-07,15.83,15.87,15.39,15.87,1954800,6.05
2003-04-04,15.44,15.66,15.37,15.63,2051200,5.96
2003-04-03,15.62,15.62,15.34,15.62,2131900,5.96
2003-04-02,15.60,15.60,15.41,15.58,1276900,5.94
2003-04-01,15.32,15.66,15.23,15.48,1546600,5.90
2003-03-31,15.23,15.31,15.10,15.21,1229300,5.80
2003-03-28,15.08,15.39,15.08,15.39,941500,5.87
2003-03-27,14.98,15.21,14.77,15.11,1288900,5.76
2003-03-26,15.07,15.14,14.98,15.14,2131000,5.77
2003-03-25,14.98,15.40,14.94,15.07,4132900,5.75
2003-03-24,15.56,15.60,15.27,15.39,1356000,5.87
2003-03-21,15.79,15.82,15.62,15.82,2055000,6.03
2003-03-20,15.64,15.81,15.40,15.79,1981900,6.02
2003-03-19,15.45,15.64,15.45,15.64,1765800,5.96
2003-03-18,15.43,15.54,15.18,15.46,1792300,5.90
2003-03-17,15.02,15.46,15.02,15.46,2279100,5.90
2003-03-14,15.09,15.11,15.06,15.11,1900400,5.76
2003-03-13,15.18,15.20,14.87,15.05,2604100,5.74
2003-03-12,15.23,15.23,15.04,15.23,2748800,5.81
2003-03-11,15.34,15.50,15.23,15.50,1558900,5.91
2003-03-10,15.23,15.45,15.23,15.38,2230500,5.86
2003-03-07,15.11,15.26,15.11,15.26,1796100,5.82
2003-03-06,15.17,15.19,15.11,15.19,2735100,5.79
2003-03-05,15.01,15.20,15.01,15.20,3475700,5.80
2003-03-04,14.94,15.10,14.94,15.10,1515300,5.76
2003-03-03,14.76,15.00,14.76,15.00,1814100,5.72
2003-02-28,14.56,14.73,14.56,14.73,1510100,5.62
2003-02-27,14.69,14.76,14.50,14.56,2179800,5.55
2003-02-26,14.52,14.81,14.52,14.81,2108400,5.65
2003-02-25,14.60,14.71,14.40,14.52,4501200,5.54
2003-02-24,14.37,14.54,14.29,14.49,1548800,5.52
2003-02-21,14.00,14.44,14.00,14.44,2579100,5.51
2003-02-20,14.11,14.21,14.01,14.21,1308900,5.42
2003-02-19,14.12,14.22,14.04,14.13,1112500,5.39
2003-02-18,14.05,14.19,13.98,14.16,2296400,5.40
2003-02-17,23.00,23.00,23.00,23.00,000,8.77
2003-02-14,13.86,14.08,13.86,14.08,1948800,5.37
2003-02-13,13.91,13.94,13.71,13.89,2811000,5.30
2003-02-12,14.09,14.10,13.84,13.94,3194000,5.32
2003-02-11,14.04,14.15,14.04,14.15,2041800,5.40
2003-02-10,13.90,14.03,13.90,14.03,1082600,5.35
2003-02-07,13.96,14.02,13.90,14.02,1577400,5.35
2003-02-06,13.73,13.97,13.73,13.97,1980500,5.33
2003-02-05,13.83,14.04,13.83,14.04,2683900,5.35
2003-02-04,13.58,13.94,13.42,13.83,2930500,5.18
2003-02-03,13.03,13.33,13.00,13.31,1677100,4.98
2003-01-31,12.90,13.09,12.90,13.09,994400,4.90
2003-01-30,12.83,12.96,12.83,12.96,1466100,4.85
2003-01-29,12.48,12.76,12.34,12.73,3471800,4.77
2003-01-28,12.65,12.73,12.40,12.48,1786500,4.67
2003-01-27,12.88,13.01,12.54,13.01,1076600,4.87
2003-01-24,13.19,13.22,12.99,13.22,651900,4.95
2003-01-23,13.18,13.23,13.02,13.19,1649500,4.94
2003-01-22,13.15,13.24,13.05,13.10,1211500,4.91
2003-01-21,13.30,13.37,13.20,13.20,1038700,4.94
2003-01-20,18.60,19.00,18.60,19.00,400,7.11
2003-01-17,13.73,13.79,13.47,13.52,881000,5.06
2003-01-16,13.78,13.92,13.74,13.92,2152800,5.21
2003-01-15,13.89,13.89,13.52,13.70,1073800,5.13
2003-01-14,13.92,13.98,13.83,13.98,1270600,5.23
2003-01-13,14.00,14.02,13.87,13.97,460500,5.23
2003-01-10,14.04,14.04,13.81,13.96,897800,5.23
2003-01-09,13.92,14.21,13.92,14.21,689600,5.32
2003-01-08,14.06,14.06,13.88,14.06,937900,5.26
2003-01-07,14.19,14.31,13.83,14.06,1471100,5.26
2003-01-06,14.02,14.41,14.02,14.39,5313000,5.39
2003-01-03,14.10,14.19,13.94,14.05,1225700,5.26
2003-01-02,13.87,14.12,13.77,14.11,864100,5.28
2002-12-31,13.81,13.89,13.80,13.89,900200,5.20
2002-12-30,13.86,13.89,13.78,13.85,895400,5.18
2002-12-27,13.83,13.89,13.83,13.89,1164600,5.20
2002-12-26,13.69,13.90,13.67,13.77,692700,5.16
2002-12-25,18.20,18.30,18.00,18.30,3000,6.85
2002-12-24,13.89,13.89,13.73,13.76,284800,5.15
2002-12-23,13.83,13.92,13.83,13.92,546300,5.21
2002-12-20,13.79,13.83,13.57,13.73,1577600,5.14
2002-12-19,13.79,13.89,13.64,13.78,1575900,5.16
2002-12-18,13.85,13.94,13.72,13.83,839100,5.18
2002-12-17,13.74,13.97,13.74,13.94,1399500,5.22
2002-12-16,13.69,13.82,13.61,13.78,1337700,5.16
2002-12-13,13.69,13.71,13.52,13.53,987000,5.06
2002-12-12,13.37,13.69,13.35,13.65,742500,5.11
2002-12-11,13.48,13.91,13.37,13.91,1176600,5.21
2002-12-10,13.54,13.54,13.48,13.54,1193700,5.07
2002-12-09,13.52,13.63,13.28,13.32,1952600,4.99
2002-12-06,13.12,13.47,13.06,13.47,1715100,5.04
2002-12-05,12.95,13.08,12.85,13.02,2111500,4.87
2002-12-04,12.55,12.64,12.55,12.64,1743500,4.73
2002-12-03,12.23,12.71,12.23,12.54,1505500,4.70
2002-12-02,12.32,12.35,12.23,12.35,1484800,4.62
2002-11-29,12.38,12.40,12.31,12.40,618200,4.64
2002-11-28,20.70,20.70,20.40,20.40,2500,7.64
2002-11-27,12.27,12.51,12.23,12.45,493000,4.66
2002-11-26,12.15,12.38,12.15,12.21,842000,4.57
2002-11-25,12.19,12.33,12.19,12.33,1452800,4.61
2002-11-22,12.08,12.33,12.08,12.33,1029000,4.62
2002-11-21,12.23,12.23,12.18,12.23,944400,4.58
2002-11-20,11.79,12.27,11.79,12.27,756900,4.59
2002-11-19,11.86,12.00,11.80,12.00,631000,4.49
2002-11-18,11.97,12.04,11.90,12.04,709800,4.51
2002-11-15,11.96,12.01,11.82,11.94,953300,4.47
2002-11-14,11.56,11.95,11.56,11.86,973000,4.44
2002-11-13,11.70,11.75,11.42,11.75,658800,4.40
2002-11-12,11.96,12.02,11.74,12.02,1081700,4.50
2002-11-11,12.03,12.23,11.86,12.23,579500,4.58
2002-11-08,12.23,12.40,12.06,12.40,408100,4.64
2002-11-07,12.48,12.52,12.26,12.52,758800,4.69
2002-11-06,12.23,12.50,12.23,12.50,963200,4.68
2002-11-05,12.31,12.38,12.16,12.33,887200,4.52
2002-11-04,12.54,12.58,12.31,12.58,703800,4.62
2002-11-01,12.11,12.67,11.98,12.48,1214100,4.58
2002-10-31,12.66,12.77,12.38,12.47,810800,4.57
2002-10-30,12.12,12.82,12.12,12.62,2393700,4.63
2002-10-29,12.24,12.33,11.97,12.02,1029800,4.41
2002-10-28,12.48,12.62,12.30,12.41,1631700,4.55
2002-10-25,12.65,12.68,12.41,12.68,1860100,4.65
2002-10-24,12.85,13.03,12.66,12.68,2287900,4.65
2002-10-23,12.95,13.23,12.95,13.23,1034300,4.85
2002-10-22,13.19,13.23,12.92,13.02,1073500,4.77
2002-10-21,13.17,13.44,13.02,13.40,578800,4.91
2002-10-18,13.17,13.37,13.03,13.27,1163200,4.87
2002-10-17,12.73,13.27,12.65,13.21,1507900,4.85
2002-10-16,12.65,12.78,12.56,12.78,1416500,4.69
2002-10-15,12.58,12.79,12.58,12.79,1282200,4.69
2002-10-14,11.75,12.30,11.75,12.30,1131400,4.51
2002-10-11,11.94,12.17,11.81,12.10,1061000,4.44
2002-10-10,11.26,11.86,11.26,11.76,1908900,4.31
2002-10-09,11.56,11.58,11.32,11.36,919200,4.17
2002-10-08,11.87,11.96,11.54,11.96,1966800,4.39
2002-10-07,12.28,12.37,11.87,11.87,1572600,4.35
2002-10-04,12.48,12.55,12.18,12.35,1199000,4.53
2002-10-03,12.56,12.81,12.37,12.44,1022600,4.56
2002-10-02,12.62,12.83,12.48,12.83,1281700,4.71
2002-10-01,12.68,12.71,12.62,12.71,1401400,4.66
2002-09-30,12.73,12.73,12.33,12.55,853800,4.60
2002-09-27,13.05,13.20,12.68,12.83,862000,4.71
2002-09-26,12.96,13.07,12.96,13.07,1283100,4.79
2002-09-25,12.74,12.82,12.53,12.78,763400,4.69
2002-09-24,12.98,13.02,12.53,12.63,1323000,4.63
2002-09-23,12.95,13.16,12.95,13.16,1056400,4.83
2002-09-20,13.19,13.27,12.90,12.93,1284600,4.74
2002-09-19,13.35,13.44,13.10,13.12,747300,4.81
2002-09-18,13.40,13.61,13.19,13.51,747800,4.96
2002-09-17,13.44,13.52,13.29,13.48,1025200,4.94
2002-09-16,13.81,13.81,13.49,13.64,739600,5.01
2002-09-13,13.84,13.93,13.75,13.85,866800,5.08
2002-09-12,14.27,14.27,13.84,13.84,757400,5.08
2002-09-11,14.60,14.60,14.32,14.39,443700,5.28
2002-09-10,14.18,14.42,14.09,14.40,1373500,5.28
2002-09-09,14.06,14.32,14.06,14.32,811700,5.25
2002-09-06,14.33,14.39,14.10,14.39,725200,5.28
2002-09-05,13.92,14.14,13.92,14.14,952600,5.19
2002-09-04,14.27,14.36,13.79,14.02,1551400,5.14
2002-09-03,14.52,14.56,14.02,14.28,1064600,5.24
2002-09-02,22.80,23.80,22.40,23.50,2900,8.62
2002-08-30,14.61,14.90,14.61,14.90,788700,5.46
2002-08-29,14.73,14.83,14.60,14.83,1806200,5.44
2002-08-28,15.06,15.08,14.79,14.96,653100,5.49
2002-08-27,15.56,15.56,15.16,15.24,1137000,5.59
2002-08-26,15.39,15.39,15.16,15.32,588900,5.62
2002-08-23,15.52,15.52,15.21,15.24,555200,5.59
2002-08-22,15.10,15.60,15.08,15.56,1379800,5.71
2002-08-21,14.80,15.23,14.80,15.23,857600,5.58
2002-08-20,14.96,15.05,14.78,15.05,814600,5.52
2002-08-19,15.26,15.27,15.14,15.27,788200,5.60
2002-08-16,15.23,15.39,15.08,15.16,1115100,5.56
2002-08-15,15.39,15.63,15.35,15.49,1239900,5.68
2002-08-14,15.13,15.39,14.87,15.38,1320400,5.64
2002-08-13,14.77,15.08,14.71,14.89,915800,5.46
2002-08-12,14.76,14.99,14.76,14.99,873000,5.50
2002-08-09,14.76,15.06,14.76,15.06,1427800,5.52
2002-08-08,14.56,14.89,14.55,14.86,1547600,5.45
2002-08-07,14.49,14.60,14.45,14.60,926600,5.35
2002-08-06,14.04,14.60,14.04,14.60,1332400,5.26
2002-08-05,13.86,14.37,13.75,14.37,1221800,5.18
2002-08-02,14.16,14.42,13.98,13.99,1319400,5.05
2002-08-01,14.56,14.73,14.16,14.16,1483400,5.10
2002-07-31,14.41,14.78,14.41,14.78,1482900,5.33
2002-07-30,14.56,14.58,14.35,14.58,1484600,5.26
2002-07-29,14.19,14.62,14.19,14.57,1172100,5.25
2002-07-26,13.62,14.08,13.62,14.08,2028600,5.08
2002-07-25,13.56,13.71,13.35,13.66,2009800,4.93
2002-07-24,12.84,13.68,12.84,13.68,2364900,4.93
2002-07-23,13.34,13.49,12.95,13.49,1879500,4.86
2002-07-22,14.06,14.31,13.18,13.24,2574200,4.77
2002-07-19,14.68,14.79,14.06,14.06,1984100,5.07
2002-07-18,14.79,15.10,14.68,15.10,1327600,5.44
2002-07-17,14.66,14.98,14.66,14.98,1964600,5.40
2002-07-16,14.23,14.65,13.98,14.48,1827600,5.22
2002-07-15,14.31,14.31,13.86,14.31,1806200,5.16
2002-07-12,14.29,14.51,14.15,14.26,2059600,5.14
2002-07-11,14.10,14.31,14.10,14.19,2306000,5.12
2002-07-10,14.71,14.71,14.25,14.71,2100000,5.30
2002-07-09,14.59,14.72,14.56,14.56,1123000,5.25
2002-07-08,14.78,14.88,14.65,14.88,1101400,5.36
2002-07-05,14.50,14.83,14.50,14.78,361700,5.33
2002-07-04,30.00,30.25,30.00,30.25,3200,10.91
2002-07-03,14.40,14.52,14.34,14.48,3012500,5.22
2002-07-02,14.57,14.71,14.36,14.71,1696800,5.30
2002-07-01,14.77,14.88,14.51,14.57,1330000,5.25
2002-06-28,14.52,14.98,14.52,14.98,1819400,5.40
2002-06-27,14.96,14.97,14.53,14.97,1512900,5.40
2002-06-26,14.98,14.98,14.66,14.85,694900,5.35
2002-06-25,15.10,15.35,14.93,14.98,842700,5.40
2002-06-24,15.04,15.18,14.89,15.06,857600,5.43
2002-06-21,15.12,15.25,15.01,15.25,2142000,5.50
2002-06-20,15.17,15.29,15.11,15.15,1359300,5.46
2002-06-19,15.26,15.33,15.15,15.33,1418900,5.53
2002-06-18,15.14,15.29,15.14,15.29,859600,5.51
2002-06-17,14.85,15.17,14.68,15.14,1289100,5.46
2002-06-14,14.60,14.68,14.36,14.68,2067500,5.29
2002-06-13,14.62,14.88,14.50,14.60,1520600,5.26
2002-06-12,14.46,14.69,14.44,14.61,1340600,5.27
2002-06-11,14.56,14.71,14.36,14.71,1567300,5.30
2002-06-10,14.56,14.63,14.52,14.63,1858400,5.27
2002-06-07,14.34,14.77,14.34,14.77,1614100,5.32
2002-06-06,14.58,14.68,14.34,14.68,1792300,5.29
2002-06-05,14.46,14.56,14.46,14.56,3305300,5.25
2002-06-04,14.48,14.51,14.33,14.46,2713900,5.21
2002-06-03,14.79,14.79,14.47,14.48,3830300,5.22
2002-05-31,14.58,14.87,14.58,14.79,1373000,5.33
2002-05-30,14.36,14.67,14.36,14.57,1480500,5.25
2002-05-29,14.62,14.64,14.57,14.64,1187700,5.28
2002-05-28,14.61,14.71,14.61,14.71,976600,5.30
2002-05-27,24.30,24.30,24.30,24.30,000,8.76
2002-05-24,14.86,14.86,14.68,14.86,784100,5.36
2002-05-23,14.86,14.92,14.85,14.92,3063200,5.38
2002-05-22,14.77,14.99,14.66,14.85,1107600,5.35
2002-05-21,14.71,14.99,14.71,14.99,1721800,5.41
2002-05-20,14.58,14.81,14.51,14.71,1263200,5.30
2002-05-17,14.56,14.62,14.39,14.58,1075200,5.26
2002-05-16,14.52,14.76,14.50,14.62,1054300,5.27
2002-05-15,14.87,14.87,14.51,14.53,1755700,5.24
2002-05-14,14.85,15.16,14.85,14.98,1159100,5.40
2002-05-13,14.78,15.15,14.78,15.15,1100400,5.46
2002-05-10,14.96,15.06,14.78,15.06,1116500,5.43
2002-05-09,14.77,15.16,14.76,14.92,1499700,5.38
2002-05-08,14.60,14.85,14.52,14.70,2092800,5.30
2002-05-07,14.56,14.62,14.35,14.57,2750400,5.16
2002-05-06,14.62,14.62,14.26,14.49,1955300,5.14
2002-05-03,14.66,14.77,14.62,14.77,1866500,5.23
2002-05-02,14.66,14.73,14.29,14.56,3145200,5.16
2002-05-01,14.31,14.75,14.31,14.75,1964100,5.23
2002-04-30,14.70,14.81,14.26,14.30,2410100,5.07
2002-04-29,14.89,14.89,14.72,14.89,1584600,5.28
2002-04-26,15.25,15.25,14.91,15.25,1390100,5.41
2002-04-25,15.04,15.38,15.04,15.38,936300,5.45
2002-04-24,15.16,15.31,15.13,15.31,1434100,5.43
2002-04-23,15.56,15.58,15.37,15.39,1230000,5.45
2002-04-22,15.95,16.06,15.74,16.06,824500,5.69
2002-04-19,15.99,16.10,15.99,16.10,757900,5.70
2002-04-18,16.07,16.15,15.99,16.15,1243900,5.72
2002-04-17,15.56,16.01,15.52,15.97,3167800,5.66
2002-04-16,15.64,15.64,15.27,15.39,1539100,5.45
2002-04-15,15.60,15.76,15.55,15.58,1597800,5.52
2002-04-12,16.01,16.01,15.37,15.37,2453300,5.45
2002-04-11,15.94,16.22,15.94,16.22,1953600,5.75
2002-04-10,16.06,16.26,16.04,16.22,1508600,5.75
2002-04-09,16.39,16.47,16.23,16.47,1256900,5.84
2002-04-08,16.47,16.70,16.31,16.47,1262900,5.84
2002-04-05,16.35,16.41,16.19,16.22,1134300,5.75
2002-04-04,16.21,16.32,16.21,16.32,1473500,5.78
2002-04-03,16.68,16.68,16.06,16.32,1594900,5.78
2002-04-02,16.81,16.98,16.76,16.76,1424000,5.94
2002-04-01,16.89,16.93,16.81,16.93,1136700,6.00
2002-03-29,31.00,31.50,30.00,30.00,169000,10.63
2002-03-28,16.68,16.76,16.47,16.64,1575200,5.90
2002-03-27,16.84,17.22,16.84,17.22,1296100,6.10
2002-03-26,16.54,16.81,16.54,16.81,1740300,5.96
2002-03-25,16.60,16.70,16.44,16.50,862500,5.85
2002-03-22,16.95,16.95,16.52,16.55,1460100,5.87
2002-03-21,17.10,17.16,16.81,16.96,1799200,6.01
2002-03-20,17.43,17.43,17.06,17.43,2009100,6.17
2002-03-19,17.31,17.56,17.28,17.43,909800,6.17
2002-03-18,17.37,17.39,17.23,17.39,1247600,6.16
2002-03-15,17.43,17.43,17.21,17.33,1773800,6.14
2002-03-14,17.47,17.56,17.18,17.24,1465600,6.11
2002-03-13,17.16,17.58,17.16,17.58,2598000,6.23
2002-03-12,16.95,17.24,16.95,17.24,2123000,6.11
2002-03-11,16.84,17.11,16.84,17.04,1345400,6.04
2002-03-08,17.06,17.14,16.71,16.74,1529300,5.93
2002-03-07,16.97,17.13,16.89,17.02,1591100,6.03
2002-03-06,16.34,17.02,16.34,17.02,1595600,6.03
2002-03-05,16.33,16.56,16.33,16.56,1008100,5.87
2002-03-04,16.24,16.49,16.24,16.49,1521800,5.84
2002-03-01,16.07,16.26,15.91,16.22,1348300,5.75
2002-02-28,16.34,16.34,15.97,16.02,1965600,5.68
2002-02-27,16.35,16.47,16.22,16.37,971600,5.80
2002-02-26,16.40,16.52,16.40,16.52,1244400,5.85
2002-02-25,16.12,16.42,16.06,16.40,1746800,5.81
2002-02-22,16.08,16.16,15.95,16.13,1639400,5.72
2002-02-21,16.20,16.24,15.95,15.98,1175900,5.66
2002-02-20,16.07,16.20,15.83,16.06,1100400,5.69
2002-02-19,16.10,16.16,15.83,16.06,1526900,5.69
2002-02-18,28.75,30.75,28.75,29.50,199900,10.45
2002-02-15,15.95,16.31,15.95,16.31,2046600,5.78
2002-02-14,15.92,16.09,15.82,15.92,1351600,5.64
2002-02-13,15.77,15.83,15.62,15.81,2086000,5.60
2002-02-12,15.83,15.90,15.83,15.90,1704800,5.64
2002-02-11,15.81,15.93,15.81,15.93,1829800,5.65
2002-02-08,15.81,15.91,15.80,15.91,1950700,5.64
2002-02-07,15.85,16.00,15.79,15.83,1230700,5.61
2002-02-06,15.81,16.02,15.81,16.02,2052100,5.68
2002-02-05,15.78,15.93,15.65,15.85,2162200,5.53
2002-02-04,16.04,16.04,15.78,16.04,1401600,5.59
2002-02-01,16.05,16.19,16.04,16.19,2209300,5.65
2002-01-31,15.60,16.11,15.60,16.11,2640400,5.62
2002-01-30,15.46,15.60,15.25,15.56,3168000,5.43
2002-01-29,15.65,15.85,15.45,15.85,3477400,5.53
2002-01-28,15.79,15.79,15.56,15.64,1986500,5.46
2002-01-25,15.68,15.80,15.64,15.74,1216800,5.49
2002-01-24,15.31,15.79,15.31,15.77,1758600,5.50
2002-01-23,15.35,15.54,15.27,15.39,1005700,5.37
2002-01-22,15.21,15.39,15.21,15.31,1082600,5.34
2002-01-21,31.00,31.00,30.50,30.50,16700,10.64
2002-01-18,15.23,15.38,15.23,15.31,781700,5.34
2002-01-17,15.41,15.43,15.33,15.43,1254000,5.38
2002-01-16,15.39,15.46,15.08,15.40,1783100,5.37
2002-01-15,15.27,15.47,15.27,15.47,1320400,5.40
2002-01-14,15.33,15.39,15.20,15.27,2600000,5.32
2002-01-11,15.62,15.66,15.42,15.53,1145600,5.42
2002-01-10,15.65,15.75,15.65,15.75,1586700,5.49
2002-01-09,15.39,16.01,15.39,15.82,2380500,5.52
2002-01-08,15.92,15.94,15.62,15.82,1888900,5.52
2002-01-07,15.60,16.02,15.52,15.91,1898300,5.55
2002-01-04,15.64,15.77,15.50,15.58,1282400,5.43
2002-01-03,15.56,15.75,15.36,15.63,1533900,5.45
2002-01-02,15.54,15.60,15.54,15.60,995400,5.44
2001-12-31,15.60,15.89,15.53,15.53,1186700,5.42
2001-12-28,15.64,15.85,15.64,15.85,1225700,5.53
2001-12-27,15.49,15.56,15.38,15.43,1179500,5.38
2001-12-26,15.34,15.60,15.34,15.60,1201200,5.44
2001-12-25,27.00,27.25,27.00,27.25,14300,9.50
2001-12-24,15.37,15.47,15.33,15.47,543200,5.39
2001-12-21,15.27,15.39,15.10,15.27,1567700,5.32
2001-12-20,15.27,15.36,15.06,15.18,1121100,5.30
2001-12-19,15.04,15.29,15.04,15.29,1136300,5.33
2001-12-18,14.83,15.10,14.83,14.97,1081000,5.22
2001-12-17,15.18,15.18,14.78,14.81,1299700,5.16
2001-12-14,15.17,15.26,14.85,15.15,1585100,5.28
2001-12-13,14.98,15.19,14.81,15.06,1006000,5.25
2001-12-12,15.28,15.31,14.79,15.08,1516500,5.26
2001-12-11,15.57,15.57,15.15,15.18,1035300,5.29
2001-12-10,15.74,15.75,15.44,15.75,950200,5.49
2001-12-07,15.52,15.94,15.43,15.85,1292300,5.53
2001-12-06,15.93,15.93,15.40,15.51,1044400,5.41
2001-12-05,15.78,16.02,15.72,15.90,1654500,5.55
2001-12-04,15.43,15.74,15.20,15.73,1386000,5.49
2001-12-03,15.00,15.50,15.00,15.50,2271100,5.40
2001-11-30,15.10,15.35,15.00,15.21,1019400,5.30
2001-11-29,15.13,15.23,15.00,15.14,770900,5.28
2001-11-28,15.10,15.12,14.87,14.96,1323500,5.22
2001-11-27,15.07,15.48,15.07,15.48,1262200,5.40
2001-11-26,15.20,15.38,14.89,15.24,1047100,5.32
2001-11-23,15.16,15.45,15.16,15.45,536300,5.39
2001-11-22,27.00,27.00,26.75,26.75,165000,9.33
2001-11-21,15.46,15.60,15.16,15.60,1236300,5.44
2001-11-20,15.20,15.59,15.20,15.50,1983600,5.41
2001-11-19,14.89,15.07,14.52,14.99,1129300,5.23
2001-11-16,14.56,15.12,14.56,15.12,1479000,5.27
2001-11-15,15.14,15.14,14.48,14.59,2423300,5.09
2001-11-14,15.98,15.98,15.43,15.98,2062000,5.57
2001-11-13,15.77,16.18,15.64,16.11,1297100,5.62
2001-11-12,15.81,15.95,15.41,15.81,825400,5.51
2001-11-09,15.89,16.12,15.81,15.87,1211000,5.54
2001-11-08,16.02,16.10,15.55,15.65,1328600,5.46
2001-11-07,15.63,16.00,15.40,15.97,1400200,5.57
2001-11-06,15.56,15.77,15.43,15.76,1730200,5.41
2001-11-05,15.60,15.73,15.60,15.73,1306200,5.40
2001-11-02,15.73,15.75,15.38,15.55,1101600,5.34
2001-11-01,15.47,15.80,15.29,15.73,1543000,5.40
2001-10-31,15.64,15.76,15.44,15.57,2413400,5.34
2001-10-30,16.14,16.14,15.66,16.14,2831500,5.54
2001-10-29,16.02,16.31,16.02,16.31,1954500,5.60
2001-10-26,15.45,16.08,15.45,16.08,1232200,5.52
2001-10-25,15.14,15.59,15.01,15.59,1179500,5.35
2001-10-24,15.14,15.25,15.14,15.25,1056200,5.23
2001-10-23,15.23,15.44,14.91,15.40,1902600,5.29
2001-10-22,15.49,15.60,15.02,15.23,1256200,5.23
2001-10-19,15.09,15.46,14.87,15.39,993000,5.28
2001-10-18,15.58,15.58,15.00,15.10,1373800,5.18
2001-10-17,15.87,16.08,15.53,15.57,953100,5.34
2001-10-16,15.52,15.87,15.52,15.77,715800,5.41
2001-10-15,15.92,15.92,15.62,15.92,1054500,5.47
2001-10-12,15.89,16.04,15.89,16.04,1311500,5.50
2001-10-11,15.92,16.11,15.69,15.99,1470900,5.49
2001-10-10,15.68,15.92,15.65,15.92,1495600,5.46
2001-10-09,15.48,15.57,15.35,15.53,1450200,5.33
2001-10-08,15.23,15.51,15.18,15.36,1264900,5.27
2001-10-05,15.35,15.41,15.33,15.41,1772100,5.29
2001-10-04,15.13,15.43,15.13,15.35,3195200,5.27
2001-10-03,14.98,15.17,14.88,15.13,3184600,5.19
2001-10-02,14.75,15.38,14.75,15.38,3418500,5.28
2001-10-01,14.84,14.92,14.29,14.73,768900,5.06
2001-09-28,14.39,14.87,14.39,14.81,1701200,5.08
2001-09-27,14.08,14.35,14.08,14.35,2483400,4.92
2001-09-26,14.37,14.46,14.10,14.46,2088400,4.96
2001-09-25,13.94,14.30,13.77,14.27,1855000,4.90
2001-09-24,14.04,14.19,13.88,14.19,2273000,4.87
2001-09-21,13.31,14.33,13.31,14.33,2681000,4.92
2001-09-20,14.00,14.11,13.88,14.11,1600900,4.84
2001-09-19,14.92,14.96,14.23,14.96,2253600,5.13
2001-09-18,15.18,15.22,14.92,15.22,1727800,5.22
2001-09-17,15.33,15.64,15.29,15.37,2509800,5.28
2001-09-14,34.50,34.50,32.75,33.75,94300,11.58
2001-09-13,32.25,35.00,32.25,34.75,96600,11.93
2001-09-11,38.00,38.00,35.50,36.00,82000,12.36
2001-09-10,15.64,15.97,15.64,15.74,1323300,5.40
2001-09-07,15.97,16.10,15.64,15.83,1421100,5.43
2001-09-06,15.75,16.05,15.75,16.01,1626400,5.49
2001-09-05,15.82,15.89,15.82,15.89,1440300,5.45
2001-09-04,15.93,16.14,15.81,15.87,2647800,5.45
2001-09-03,33.25,38.25,33.25,37.50,857900,12.87
2001-08-31,15.60,15.91,15.58,15.74,957200,5.40
2001-08-30,15.64,16.09,15.64,15.76,2422300,5.41
2001-08-29,15.81,15.97,15.64,15.67,1914100,5.38
2001-08-28,15.42,15.43,15.28,15.39,1275900,5.28
2001-08-27,15.23,15.59,15.19,15.37,1794900,5.28
2001-08-24,14.97,15.29,14.97,15.29,1002800,5.25
2001-08-23,14.87,14.97,14.87,14.97,726900,5.14
2001-08-22,14.76,15.08,14.71,14.86,1514100,5.10
2001-08-21,14.60,14.66,14.52,14.58,1098800,5.01
2001-08-20,14.65,14.73,14.56,14.73,444700,5.05
2001-08-17,14.77,14.83,14.60,14.64,1049500,5.03
2001-08-16,14.94,14.98,14.85,14.98,472500,5.14
2001-08-15,14.87,15.01,14.87,15.01,965600,5.15
2001-08-14,14.86,14.88,14.79,14.88,522100,5.11
2001-08-13,14.71,15.02,14.71,14.82,1236700,5.09
2001-08-10,14.56,14.75,14.46,14.54,684800,4.99
2001-08-09,14.35,14.56,14.25,14.54,1392500,4.99
2001-08-08,14.56,14.73,14.36,14.40,837200,4.94
2001-08-07,14.71,14.81,14.71,14.81,870100,5.00
2001-08-06,14.56,14.85,14.53,14.62,663700,4.93
2001-08-03,14.79,14.85,14.62,14.85,693700,5.01
2001-08-02,14.60,14.82,14.27,14.75,1097600,4.98
2001-08-01,14.62,14.85,14.56,14.85,1014900,5.01
2001-07-31,14.39,14.62,14.32,14.39,738200,4.85
2001-07-30,14.64,14.64,14.29,14.36,1151400,4.84
2001-07-27,14.58,14.71,14.51,14.71,1126200,4.96
2001-07-26,14.14,14.38,14.04,14.26,2371800,4.81
2001-07-25,13.62,14.04,13.62,14.04,1124000,4.74
2001-07-24,14.06,14.06,13.63,13.66,911300,4.61
2001-07-23,14.31,14.35,14.04,14.07,684300,4.75
2001-07-20,13.87,14.26,13.87,14.26,1417000,4.81
2001-07-19,13.85,14.19,13.72,13.84,1201900,4.67
2001-07-18,13.74,13.74,13.58,13.74,2143700,4.64
2001-07-17,13.77,13.99,13.52,13.74,1475400,4.64
2001-07-16,14.26,14.46,13.89,14.46,1571600,4.88
2001-07-13,14.14,14.35,14.00,14.25,1645900,4.81
2001-07-12,14.52,14.64,14.27,14.31,1521800,4.83
2001-07-11,14.39,14.46,14.04,14.30,1541800,4.83
2001-07-10,14.74,14.96,14.56,14.57,1356000,4.92
2001-07-09,14.60,14.77,14.48,14.74,1166300,4.97
2001-07-06,14.89,14.97,14.47,14.58,1862700,4.92
2001-07-05,14.56,15.12,14.56,14.94,1387700,5.04
2001-07-04,28.75,29.00,28.25,28.75,114400,9.70
2001-07-03,14.54,14.56,14.36,14.56,1210800,4.91
2001-07-02,15.10,15.10,14.41,14.58,1854300,4.92
2001-06-29,14.16,15.29,14.16,15.29,2868500,5.16
2001-06-28,14.26,14.31,14.19,14.31,1411500,4.83
2001-06-27,14.64,14.64,14.39,14.64,1795600,4.94
2001-06-26,14.98,15.03,14.90,14.93,1078100,5.04
2001-06-25,14.89,15.14,14.28,14.98,2653800,5.06
2001-06-22,14.56,14.96,14.28,14.90,1157400,5.03
2001-06-21,14.93,14.93,14.39,14.56,2568700,4.91
2001-06-20,15.16,15.23,14.99,15.03,1893700,5.07
2001-06-19,15.29,15.33,15.09,15.26,1049500,5.15
2001-06-18,15.44,15.56,15.27,15.33,1215800,5.17
2001-06-15,15.18,15.62,15.12,15.44,1632900,5.21
2001-06-14,15.72,15.73,15.29,15.41,1487000,5.20
2001-06-13,16.10,16.30,15.53,15.75,1979800,5.31
2001-06-12,15.92,16.29,15.86,16.23,1909600,5.48
2001-06-11,16.10,16.10,15.85,15.91,2208100,5.37
2001-06-08,16.32,16.33,15.89,16.10,2184800,5.43
2001-06-07,16.29,16.51,16.29,16.33,2520400,5.51
2001-06-06,16.91,16.91,16.40,16.54,2583100,5.58
2001-06-05,17.28,17.28,17.04,17.10,2146600,5.77
2001-06-04,16.72,17.08,16.72,16.93,2269900,5.71
2001-06-01,16.22,16.47,15.93,16.40,1712900,5.53
2001-05-31,16.68,16.70,16.16,16.22,2680500,5.47
2001-05-30,17.05,17.05,16.52,16.61,2137500,5.61
2001-05-29,17.25,17.43,17.01,17.05,1819000,5.75
2001-05-28,25.25,27.00,25.25,26.75,335700,9.03
2001-05-25,17.27,17.41,17.10,17.19,1793500,5.80
2001-05-24,16.89,17.24,16.71,17.11,1894900,5.77
2001-05-23,17.37,17.51,16.89,16.90,1524700,5.70
2001-05-22,17.51,17.55,17.33,17.39,1254300,5.87
2001-05-21,17.72,17.78,17.28,17.51,1978600,5.91
2001-05-18,17.26,17.72,17.25,17.68,3465800,5.97
2001-05-17,16.85,17.50,16.76,17.24,2393000,5.82
2001-05-16,16.60,16.96,16.60,16.84,2670200,5.68
2001-05-15,16.64,16.69,16.59,16.68,2125200,5.63
2001-05-14,16.43,16.70,16.43,16.63,2491100,5.61
2001-05-11,16.35,16.45,16.22,16.39,1872300,5.53
2001-05-10,16.68,16.69,16.33,16.34,3150200,5.51
2001-05-09,15.91,16.55,15.91,16.55,3024700,5.58
2001-05-08,15.48,15.87,15.43,15.75,3137900,5.31
2001-05-07,16.06,16.22,15.31,15.39,3280300,5.11
2001-05-04,15.27,15.78,15.27,15.78,1805500,5.24
2001-05-03,14.95,15.30,14.87,15.14,2225000,5.03
2001-05-02,15.43,15.43,14.53,14.95,4184800,4.96
2001-05-01,15.97,16.09,15.52,15.91,1917300,5.28
2001-04-30,16.03,16.12,15.81,15.82,1410100,5.25
2001-04-27,15.89,16.02,15.89,16.02,886500,5.32
2001-04-26,15.67,15.89,15.63,15.83,2876200,5.26
2001-04-25,15.66,15.78,15.62,15.78,2252100,5.24
2001-04-24,15.52,15.91,15.37,15.46,1884800,5.13
2001-04-23,15.14,15.50,15.14,15.50,1755200,5.14
2001-04-20,15.02,15.18,14.83,15.18,1653100,5.04
2001-04-19,14.98,14.98,14.58,14.97,3161000,4.97
2001-04-18,14.64,15.60,14.47,14.79,4340800,4.91
2001-04-17,14.16,14.59,14.16,14.59,1725900,4.84
2001-04-16,13.77,14.24,13.74,14.16,1683600,4.70
2001-04-12,13.66,13.85,13.60,13.73,1765300,4.56
2001-04-11,13.79,13.79,13.42,13.54,2460300,4.50
2001-04-10,13.93,14.04,13.82,13.87,1438700,4.60
2001-04-09,13.57,14.14,13.57,14.14,1982400,4.70
2001-04-06,13.64,13.64,13.40,13.53,1541500,4.49
2001-04-05,13.37,13.71,13.37,13.71,1520600,4.55
2001-04-04,13.27,13.48,13.20,13.27,1607900,4.41
2001-04-03,13.31,13.35,13.02,13.09,956200,4.34
2001-04-02,13.50,13.62,13.27,13.62,2241500,4.52
2001-03-30,13.44,13.64,13.44,13.49,2838700,4.48
2001-03-29,13.00,13.42,13.00,13.42,2944700,4.45
2001-03-28,12.75,12.96,12.75,12.90,1726200,4.28
2001-03-27,13.02,13.08,12.62,12.99,2335100,4.31
2001-03-26,12.98,13.18,12.98,13.00,1251600,4.31
2001-03-23,12.81,13.10,12.67,12.90,1374000,4.28
2001-03-22,13.40,13.44,12.46,12.78,1491500,4.24
2001-03-21,13.48,13.63,13.00,13.51,1506000,4.49
2001-03-20,13.54,13.64,13.42,13.52,1926900,4.49
2001-03-19,13.42,13.65,13.42,13.65,1034100,4.53
2001-03-16,13.27,13.48,13.21,13.48,2016300,4.47
2001-03-15,13.82,13.82,13.23,13.37,2548500,4.44
2001-03-14,14.10,14.12,13.69,13.82,1878100,4.59
2001-03-13,14.62,14.62,14.31,14.48,1963200,4.81
2001-03-12,15.05,15.12,14.58,15.12,1201600,5.02
2001-03-09,15.04,15.39,15.03,15.39,1276200,5.11
2001-03-08,14.98,15.04,14.83,14.95,1688700,4.96
2001-03-07,14.71,14.92,14.71,14.92,1276600,4.95
2001-03-06,14.23,14.56,14.22,14.55,1443700,4.83
2001-03-05,14.23,14.51,14.15,14.29,1202400,4.74
2001-03-02,13.92,14.14,13.87,14.13,1374500,4.69
2001-03-01,13.73,13.85,13.66,13.82,1515100,4.59
2001-02-28,14.06,14.10,13.73,13.83,2730300,4.59
2001-02-27,14.46,14.57,14.41,14.57,731900,4.84
2001-02-26,14.14,14.52,14.13,14.48,1189600,4.81
2001-02-23,14.11,14.19,14.11,14.19,1429500,4.71
2001-02-22,14.25,14.34,14.11,14.34,901400,4.76
2001-02-21,14.47,14.60,14.23,14.23,854800,4.72
2001-02-20,14.27,14.56,14.17,14.44,835500,4.79
2001-02-19,28.25,28.75,28.25,28.50,7200,9.46
2001-02-16,14.27,14.55,13.99,14.17,1507900,4.70
2001-02-15,13.94,14.38,13.94,14.36,1244900,4.77
2001-02-14,14.62,14.74,14.48,14.74,920400,4.89
2001-02-13,14.55,14.82,14.55,14.82,1417000,4.92
2001-02-12,14.71,14.73,14.60,14.73,1275200,4.89
2001-02-09,14.19,14.77,14.14,14.61,1953300,4.85
2001-02-08,14.29,14.29,13.88,13.89,1676600,4.61
2001-02-07,14.29,14.29,13.98,14.09,1790600,4.68
2001-02-06,14.52,14.56,13.95,14.17,2725200,4.62
2001-02-05,14.56,14.56,14.25,14.39,5176700,4.69
2001-02-02,13.50,13.59,13.50,13.59,1492500,4.43
2001-02-01,13.30,13.32,12.98,13.31,666300,4.34
2001-01-31,13.21,13.47,13.12,13.31,864100,4.34
2001-01-30,13.15,13.20,13.08,13.11,676900,4.27
2001-01-29,13.00,13.31,13.00,13.31,872800,4.34
2001-01-26,13.08,13.29,13.08,13.29,1070400,4.33
2001-01-25,12.48,13.05,12.48,13.05,2633900,4.26
2001-01-24,12.43,12.48,12.43,12.48,818500,4.07
2001-01-23,12.48,12.58,12.32,12.58,1210500,4.10
2001-01-22,12.27,12.45,12.17,12.35,771800,4.03
2001-01-19,12.22,12.35,12.22,12.35,837200,4.03
2001-01-18,12.35,12.38,12.22,12.38,839600,4.04
2001-01-17,12.48,12.48,12.25,12.48,664900,4.07
2001-01-16,12.48,12.66,12.14,12.45,1866500,4.06
2001-01-15,27.50,27.50,27.25,27.25,42700,8.89
2001-01-12,12.53,12.69,12.53,12.69,1025200,4.14
2001-01-11,12.61,12.77,12.53,12.77,727600,4.16
2001-01-10,12.43,12.56,12.43,12.56,1990800,4.10
2001-01-09,12.48,12.53,12.48,12.53,541800,4.09
2001-01-08,12.56,12.82,12.48,12.82,1436000,4.18
2001-01-05,12.56,12.90,12.53,12.90,1532200,4.21
2001-01-04,12.92,13.08,12.56,13.08,1356900,4.26
2001-01-03,13.47,13.68,13.23,13.68,1176400,4.46
2001-01-02,13.91,14.20,13.62,14.20,905000,4.63
2000-12-29,14.04,14.38,13.55,14.01,790100,4.57
2000-12-28,13.89,14.14,13.62,14.09,607900,4.60
2000-12-27,13.68,13.86,13.52,13.83,554800,4.51
2000-12-26,13.08,13.94,13.08,13.94,641100,4.54
2000-12-25,27.25,27.25,27.25,27.25,1500,8.89
2000-12-22,12.90,13.23,12.79,12.97,724200,4.23
2000-12-21,12.69,13.00,12.69,12.92,640100,4.21
2000-12-20,12.95,12.95,12.64,12.69,808800,4.14
2000-12-19,12.85,13.08,12.69,13.03,1050700,4.25
2000-12-18,12.64,13.10,12.64,12.95,976400,4.22
2000-12-15,12.12,12.69,12.12,12.64,1421600,4.12
2000-12-14,12.77,12.79,12.27,12.40,562200,4.04
2000-12-13,12.77,13.03,12.74,12.79,792700,4.17
2000-12-12,12.45,12.90,12.40,12.74,1393200,4.15
2000-12-11,12.36,12.48,12.30,12.40,1146100,4.04
2000-12-08,12.32,12.45,12.14,12.25,1085500,3.99
2000-12-07,11.81,12.22,11.80,12.06,1045600,3.93
2000-12-06,11.73,11.96,11.70,11.91,992300,3.88
2000-12-05,11.83,11.91,11.41,11.60,592700,3.78
2000-12-04,11.65,11.96,11.52,11.73,544900,3.82
2000-12-01,11.62,11.86,11.44,11.57,906900,3.77
2000-11-30,11.96,12.06,11.31,11.54,877600,3.76
2000-11-29,12.11,12.17,11.62,11.88,718700,3.87
2000-11-28,12.48,12.48,12.09,12.14,727400,3.96
2000-11-27,12.48,12.51,12.27,12.43,496800,4.05
2000-11-24,12.36,12.48,12.17,12.43,344700,4.05
2000-11-23,28.25,28.25,27.75,27.75,41700,9.05
2000-11-22,12.38,12.40,12.06,12.35,581000,4.03
2000-11-21,12.22,12.45,12.12,12.27,915600,4.00
2000-11-20,12.36,12.43,12.09,12.22,556200,3.99
2000-11-17,12.32,12.40,12.01,12.35,620900,4.03
2000-11-16,12.64,12.64,12.25,12.35,645900,4.03
2000-11-15,12.45,12.64,12.30,12.64,750700,4.12
2000-11-14,11.94,12.40,11.93,12.35,728800,4.03
2000-11-13,11.88,12.19,11.88,11.99,717300,3.91
2000-11-10,12.22,12.58,12.22,12.27,530200,4.00
2000-11-09,12.40,12.45,12.04,12.22,631000,3.99
2000-11-08,12.45,12.48,12.30,12.35,673500,4.03
2000-11-07,12.48,12.77,12.48,12.53,875900,4.01
2000-11-06,12.48,12.69,12.27,12.69,937000,4.05
2000-11-03,12.30,12.53,12.30,12.48,950200,3.99
2000-11-02,12.59,12.61,12.22,12.38,1213200,3.96
2000-11-01,12.36,12.74,12.35,12.53,1807900,4.01
2000-10-31,12.15,12.48,12.14,12.45,1156700,3.98
2000-10-30,11.88,12.22,11.88,12.17,1047100,3.89
2000-10-27,11.91,12.01,11.75,11.86,648300,3.79
2000-10-26,11.81,12.14,11.80,11.91,890600,3.81
2000-10-25,12.01,12.14,11.62,11.70,1231200,3.74
2000-10-24,12.36,12.53,11.88,11.96,1251200,3.82
2000-10-23,12.25,12.27,12.09,12.19,610300,3.90
2000-10-20,12.01,12.27,12.01,12.19,655500,3.90
2000-10-19,11.98,12.22,11.93,12.09,1142500,3.86
2000-10-18,12.04,12.14,11.93,11.96,722300,3.82
2000-10-17,11.96,12.17,11.93,11.99,700400,3.83
2000-10-16,11.70,12.01,11.67,12.01,1446800,3.84
2000-10-13,11.77,11.83,11.49,11.73,1094900,3.75
2000-10-12,11.83,12.17,11.62,11.73,1279500,3.75
2000-10-11,11.70,12.22,11.44,11.78,1625000,3.76
2000-10-10,11.49,11.88,11.47,11.62,2038700,3.71
2000-10-09,10.95,11.41,10.95,11.41,1455200,3.65
2000-10-06,11.23,11.47,10.82,10.84,939600,3.47
2000-10-05,11.21,11.34,10.92,11.18,990100,3.57
2000-10-04,11.32,11.49,11.21,11.23,1081000,3.59
2000-10-03,11.32,11.41,11.23,11.23,675400,3.59
2000-10-02,11.28,11.44,11.23,11.31,811500,3.61
2000-09-29,11.44,11.73,11.21,11.21,771100,3.58
2000-09-28,11.18,11.28,10.97,11.13,686300,3.56
2000-09-27,11.26,11.62,11.05,11.13,1200900,3.56
2000-09-26,10.87,11.28,10.76,11.23,1698500,3.59
2000-09-25,10.38,10.61,10.22,10.45,967500,3.34
2000-09-22,10.52,10.71,10.24,10.37,1317500,3.32
2000-09-21,10.79,10.82,10.30,10.53,1493500,3.37
2000-09-20,10.84,11.13,10.76,10.79,1819200,3.45
2000-09-19,11.41,11.41,10.95,10.95,1264600,3.50
2000-09-18,11.65,11.96,11.36,11.44,980700,3.66
2000-09-15,11.13,12.45,11.13,11.65,3187700,3.72
2000-09-14,11.88,11.88,10.92,11.10,2270200,3.55
2000-09-13,11.81,12.25,11.73,11.96,940100,3.82
2000-09-12,12.27,12.32,11.91,11.93,1785100,3.81
2000-09-11,11.73,12.40,11.70,12.25,1913400,3.91
2000-09-08,11.32,11.80,11.31,11.75,863400,3.76
2000-09-07,11.83,11.83,11.52,11.60,597800,3.71
2000-09-06,11.55,11.83,11.49,11.62,1000200,3.71
2000-09-05,11.46,11.65,11.31,11.57,814600,3.70
2000-09-04,23.00,23.25,23.00,23.00,000,7.35
2000-09-01,11.32,11.73,11.31,11.36,1120400,3.63
2000-08-31,11.73,11.73,11.26,11.31,1521800,3.61
2000-08-30,11.96,12.06,11.80,11.83,838900,3.78
2000-08-29,11.86,12.01,11.75,11.75,634600,3.76
2000-08-28,11.60,11.86,11.47,11.75,1063400,3.76
2000-08-25,11.65,11.80,11.41,11.60,635300,3.71
2000-08-24,11.76,11.83,11.52,11.74,1477400,3.75
2000-08-23,11.23,12.04,11.23,11.97,2214600,3.83
2000-08-22,10.79,11.28,10.76,11.13,654000,3.56
2000-08-21,11.05,11.28,11.00,11.08,837700,3.54
2000-08-18,11.34,11.36,10.89,10.89,1614600,3.48
2000-08-17,11.28,11.41,11.21,11.31,1297600,3.61
2000-08-16,11.15,11.26,11.05,11.18,1427800,3.57
2000-08-15,11.07,11.23,11.00,11.08,2072100,3.54
2000-08-14,11.05,11.10,10.87,11.05,1095400,3.53
2000-08-11,11.05,11.10,10.92,11.00,1323300,3.51
2000-08-10,10.94,11.08,10.84,10.95,942500,3.50
2000-08-09,10.82,11.08,10.79,10.92,1652800,3.49
2000-08-08,10.73,10.79,10.71,10.79,997100,3.45
2000-08-07,10.79,10.92,10.70,10.70,1533100,3.34
2000-08-04,10.77,10.87,10.66,10.76,1054800,3.36
2000-08-03,10.51,10.82,10.50,10.69,1244200,3.34
2000-08-02,10.40,10.69,10.40,10.58,2222100,3.30
2000-08-01,10.14,10.40,10.14,10.37,1628300,3.24
2000-07-31,10.19,10.19,10.09,10.14,2201200,3.17
2000-07-28,10.24,10.35,9.88,9.93,2572800,3.10
2000-07-27,10.24,10.50,10.24,10.27,2014400,3.21
2000-07-26,10.56,10.69,10.09,10.14,1903600,3.17
2000-07-25,10.97,11.13,10.53,10.56,1459800,3.29
2000-07-24,11.44,11.78,10.69,10.87,1233100,3.39
2000-07-21,11.67,11.70,11.34,11.36,468500,3.55
2000-07-20,12.06,12.06,11.65,11.73,422500,3.66
2000-07-19,12.09,12.25,11.99,12.09,318900,3.77
2000-07-18,12.06,12.27,12.01,12.06,475000,3.77
2000-07-17,12.09,12.27,12.04,12.12,439600,3.78
2000-07-14,12.17,12.19,12.01,12.09,713700,3.77
2000-07-13,12.36,12.38,11.80,12.17,543700,3.80
2000-07-12,12.71,12.71,12.27,12.35,643900,3.85
2000-07-11,12.04,12.77,12.01,12.71,909800,3.97
2000-07-10,11.98,12.17,11.91,12.01,917500,3.75
2000-07-07,11.98,12.25,11.88,11.99,483400,3.74
2000-07-06,12.06,12.43,11.93,12.09,808600,3.77
2000-07-05,12.32,12.32,11.75,11.86,608600,3.70
2000-07-04,15.75,15.75,15.50,15.50,7400,4.84
2000-07-03,12.15,12.45,12.06,12.40,639400,3.87
2000-06-30,12.50,12.61,12.19,12.25,539900,3.82
2000-06-29,12.60,12.74,12.43,12.43,697600,3.88
2000-06-28,12.74,12.74,12.40,12.61,831400,3.94
2000-06-27,12.64,12.69,12.56,12.58,572500,3.93
2000-06-26,12.95,13.05,12.53,12.71,386500,3.97
2000-06-23,12.90,13.29,12.87,13.05,507900,4.07
2000-06-22,13.26,13.39,12.58,12.79,950200,3.99
2000-06-21,12.81,13.31,12.74,13.21,1770200,4.12
2000-06-20,12.95,13.00,12.43,12.87,574200,4.02
2000-06-19,13.26,13.29,12.82,12.95,802600,4.04
2000-06-16,12.43,13.62,12.40,13.57,2030000,4.24
2000-06-15,13.21,13.23,12.69,12.77,1401600,3.98
2000-06-14,13.37,13.60,13.26,13.26,1266300,4.14
2000-06-13,13.44,13.44,13.05,13.36,926400,4.17
2000-06-12,13.10,13.60,13.03,13.44,956200,4.20
2000-06-09,13.23,13.23,13.00,13.10,449500,4.09
2000-06-08,13.21,13.29,13.13,13.16,622800,4.11
2000-06-07,13.29,13.29,12.90,13.05,1225900,4.07
2000-06-06,13.10,13.39,13.08,13.23,616500,4.13
2000-06-05,13.05,13.08,12.82,12.87,630000,4.02
2000-06-02,13.80,13.81,12.74,13.10,1069900,4.09
2000-06-01,13.44,13.65,13.31,13.65,1127600,4.26
2000-05-31,13.10,13.73,13.10,13.44,975700,4.20
2000-05-30,13.08,13.31,13.05,13.16,631400,4.11
2000-05-29,15.50,15.50,15.50,15.50,600,4.84
2000-05-26,13.21,13.34,12.92,13.00,620100,4.06
2000-05-25,13.34,13.34,12.74,13.16,997800,4.11
2000-05-24,13.65,13.78,13.16,13.29,828800,4.15
2000-05-23,13.44,13.65,13.34,13.57,880500,4.24
2000-05-22,13.52,13.65,13.36,13.44,1599200,4.20
2000-05-19,13.42,13.49,13.31,13.42,1277400,4.19
2000-05-18,13.63,13.83,13.47,13.52,1589600,4.22
2000-05-17,13.70,13.73,13.52,13.57,1823500,4.24
2000-05-16,13.52,13.78,13.49,13.78,1955300,4.30
2000-05-15,13.34,13.65,13.23,13.52,1157400,4.22
2000-05-12,13.42,13.42,13.18,13.34,562200,4.16
2000-05-11,13.05,13.47,13.00,13.34,1141500,4.16
2000-05-10,12.90,13.16,12.90,13.00,1238200,4.06
2000-05-09,12.97,12.97,12.71,12.90,2927900,4.03
2000-05-08,13.29,13.47,12.90,12.95,1508600,4.04
2000-05-05,13.19,13.36,13.18,13.29,1132200,4.07
2000-05-04,12.85,13.16,12.77,13.10,626200,4.01
2000-05-03,13.13,13.29,12.82,12.90,1162900,3.95
2000-05-02,13.03,13.34,13.03,13.23,1422600,4.05
2000-05-01,12.69,13.13,12.66,13.00,951400,3.98
2000-04-28,12.50,12.84,12.48,12.64,1695600,3.87
2000-04-27,12.27,12.48,12.22,12.40,794700,3.80
2000-04-26,12.25,12.51,12.25,12.35,919900,3.78
2000-04-25,12.79,12.79,12.14,12.22,2146600,3.74
2000-04-24,11.62,12.38,11.62,12.35,1542500,3.78
2000-04-21,11.75,12.25,11.75,11.75,000,3.60
2000-04-20,11.67,11.96,11.54,11.65,1010800,3.57
2000-04-19,11.23,11.70,11.18,11.67,827100,3.58
2000-04-18,10.82,11.31,10.79,11.23,1328100,3.44
2000-04-17,10.87,11.00,10.71,10.84,1086000,3.32
2000-04-14,11.05,11.23,10.84,10.92,1021100,3.34
2000-04-13,10.97,11.36,10.97,11.21,877600,3.43
2000-04-12,10.72,11.15,10.71,10.97,1106400,3.36
2000-04-11,10.73,10.92,10.45,10.63,1062700,3.26
2000-04-10,10.97,10.97,10.66,10.71,475400,3.28
2000-04-07,10.92,11.23,10.74,10.92,878800,3.34
2000-04-06,10.82,10.97,10.66,10.82,617700,3.31
2000-04-05,10.66,10.95,10.50,10.79,981900,3.30
2000-04-04,11.52,11.65,10.95,11.02,1445400,3.38
2000-04-03,11.41,11.70,11.41,11.52,1296400,3.53
2000-03-31,11.65,11.99,11.39,11.39,2670900,3.49
2000-03-30,11.21,11.67,11.10,11.44,2493000,3.50
2000-03-29,10.87,11.47,10.71,11.15,1769700,3.42
2000-03-28,11.18,11.54,11.13,11.15,1512900,3.42
2000-03-27,11.34,11.39,10.92,11.10,677100,3.40
2000-03-24,11.23,11.47,11.23,11.34,763200,3.47
2000-03-23,11.52,11.52,11.23,11.34,528300,3.47
2000-03-22,11.60,11.60,11.41,11.52,876200,3.53
2000-03-21,11.39,11.73,11.39,11.65,664100,3.57
2000-03-20,11.56,11.70,11.44,11.54,729800,3.54
2000-03-17,11.44,11.65,11.44,11.54,1255200,3.54
2000-03-16,11.73,11.83,11.44,11.80,1160800,3.62
2000-03-15,11.54,11.54,11.23,11.41,860300,3.50
2000-03-14,11.39,11.47,11.13,11.39,875400,3.49
2000-03-13,11.76,11.86,11.36,11.60,745400,3.55
2000-03-10,11.62,12.04,11.54,11.65,847100,3.57
2000-03-09,11.62,11.70,11.13,11.52,1106900,3.53
2000-03-08,11.86,11.93,11.31,11.60,1697800,3.55
2000-03-07,10.73,11.80,10.66,11.52,1079500,3.53
2000-03-06,11.02,11.21,10.61,10.63,555700,3.26
2000-03-03,10.97,11.31,10.92,10.95,1065600,3.35
2000-03-02,10.38,11.18,10.37,10.79,1913400,3.30
2000-03-01,10.35,10.43,10.11,10.37,1381000,3.18
2000-02-29,10.24,10.35,10.14,10.27,1110800,3.15
2000-02-28,10.17,10.45,10.09,10.32,869200,3.16
2000-02-25,10.14,10.27,9.96,10.17,636000,3.11
2000-02-24,10.24,10.30,9.91,10.09,720900,3.09
2000-02-23,10.56,10.61,10.22,10.24,756900,3.14
2000-02-22,10.87,10.95,10.56,10.56,1158100,3.23
2000-02-21,14.50,14.50,14.50,14.50,000,4.44
2000-02-18,11.00,11.00,10.50,10.76,841300,3.30
2000-02-17,10.84,11.00,10.53,11.00,835100,3.37
2000-02-16,10.51,10.84,10.50,10.74,963200,3.29
2000-02-15,10.38,10.71,10.32,10.50,1364900,3.22
2000-02-14,10.19,10.43,10.19,10.37,1034800,3.18
2000-02-11,10.40,10.50,9.98,10.19,1727600,3.12
2000-02-10,9.78,10.06,9.75,9.96,856400,3.05
2000-02-09,9.96,10.01,9.75,9.78,1223800,2.99
2000-02-08,9.70,10.06,9.70,9.96,1355000,3.05
2000-02-07,9.80,9.96,9.70,9.72,966500,2.90
2000-02-04,9.96,10.06,9.80,9.80,662200,2.92
2000-02-03,10.07,10.24,9.83,9.85,1310800,2.94
2000-02-02,9.65,10.11,9.57,10.06,2081000,3.00
2000-02-01,9.73,9.78,9.52,9.62,1584800,2.87
2000-01-31,9.38,9.65,9.36,9.59,998000,2.86
2000-01-28,9.62,9.70,9.28,9.41,789100,2.81
2000-01-27,9.73,9.78,9.54,9.62,1050700,2.87
2000-01-26,9.62,9.93,9.62,9.72,1318500,2.90
2000-01-25,9.75,9.75,9.49,9.57,1089600,2.85
2000-01-24,10.24,10.27,9.75,9.78,848800,2.92
2000-01-21,9.96,10.35,9.88,10.19,1505200,3.04
2000-01-20,9.78,9.98,9.75,9.88,1650200,2.95
2000-01-19,9.88,9.93,9.72,9.78,1104800,2.92
2000-01-18,9.47,9.91,9.41,9.85,878100,2.94
2000-01-17,15.25,15.25,15.25,15.25,2000,4.55
2000-01-14,9.41,9.54,9.33,9.44,949700,2.82
2000-01-13,9.36,9.46,9.18,9.41,928600,2.81
2000-01-12,9.33,9.52,9.20,9.28,820900,2.77
2000-01-11,9.41,9.54,9.31,9.41,667700,2.81
2000-01-10,9.72,9.72,9.36,9.41,556000,2.81
2000-01-07,9.69,9.78,9.52,9.62,995600,2.87
2000-01-06,9.39,9.80,9.39,9.70,784800,2.89
2000-01-05,9.31,9.62,9.28,9.49,1027400,2.83
2000-01-04,9.36,9.36,9.13,9.31,1008400,2.78
2000-01-03,9.69,9.70,9.44,9.46,874200,2.82
1999-12-31,9.80,9.85,9.62,9.78,554000,2.92
1999-12-30,9.98,9.98,9.72,9.83,688900,2.93
1999-12-29,9.83,10.09,9.80,9.96,926200,2.97
1999-12-28,9.80,9.98,9.78,9.78,681700,2.92
1999-12-27,10.09,10.09,9.80,9.80,435800,2.92
1999-12-23,9.78,10.14,9.75,10.06,545600,3.00
1999-12-22,9.65,10.61,9.59,9.75,904800,2.91
1999-12-21,9.86,10.01,9.62,9.67,968700,2.89
1999-12-20,10.01,10.01,9.78,9.85,679800,2.94
1999-12-17,9.98,10.04,9.85,9.96,1199200,2.97
1999-12-16,10.03,10.06,9.78,9.96,541100,2.97
1999-12-15,10.03,10.40,9.96,10.11,892000,3.02
1999-12-14,9.73,10.06,9.72,10.01,726900,2.99
1999-12-13,9.78,9.85,9.67,9.72,1228800,2.90
1999-12-10,10.17,10.17,9.78,9.80,821800,2.92
1999-12-09,10.01,10.32,10.01,10.14,651200,3.03
1999-12-08,9.93,10.09,9.78,9.98,570400,2.98
1999-12-07,10.22,10.22,9.67,9.75,719400,2.91
1999-12-06,10.32,10.45,10.22,10.22,460800,3.05
1999-12-03,10.48,10.48,10.11,10.22,454500,3.05
1999-12-02,10.48,10.63,10.40,10.48,609800,3.13
1999-12-01,10.73,10.74,10.32,10.50,707600,3.13
1999-11-30,10.40,10.69,10.37,10.63,515600,3.17
1999-11-29,10.52,10.53,10.30,10.35,985800,3.09
1999-11-26,10.76,10.76,10.50,10.50,262500,3.13
1999-11-24,10.45,10.69,10.45,10.61,603600,3.17
1999-11-23,11.00,11.02,10.19,10.45,1278600,3.12
1999-11-22,11.26,11.30,10.97,11.00,1168900,3.28
1999-11-19,11.70,11.70,11.26,11.26,2056900,3.36
1999-11-18,11.26,11.75,11.26,11.52,2432400,3.44
1999-11-17,10.72,11.23,10.71,11.23,2579100,3.35
1999-11-16,10.66,11.08,10.50,10.69,845900,3.19
1999-11-15,10.45,10.61,10.43,10.56,407900,3.15
1999-11-12,10.52,10.66,10.40,10.48,698800,3.13
1999-11-11,10.38,10.69,10.22,10.63,1938400,3.17
1999-11-10,9.75,10.37,9.75,10.32,1178300,3.08
1999-11-09,9.68,9.96,9.67,9.70,1178100,2.89
1999-11-08,9.88,10.11,9.80,9.85,1001400,2.94
1999-11-05,10.24,10.45,9.83,9.98,1006700,2.90
1999-11-04,10.48,10.50,10.22,10.24,1968000,2.98
1999-11-03,10.30,10.48,10.11,10.43,2570200,3.03
1999-11-02,10.19,10.30,10.04,10.27,1437500,2.99
1999-11-01,10.09,10.19,10.06,10.11,1056000,2.94
1999-10-29,9.93,10.11,9.88,10.04,1169400,2.92
1999-10-28,10.07,10.14,9.70,9.85,1473300,2.87
1999-10-27,9.65,10.04,9.65,9.80,1011300,2.85
1999-10-26,9.96,9.98,9.52,9.59,2183400,2.79
1999-10-25,10.30,10.30,10.04,10.04,676400,2.92
1999-10-22,10.30,10.37,10.17,10.27,1098000,2.99
1999-10-21,9.68,10.01,9.57,10.01,1036700,2.91
1999-10-20,9.88,10.01,9.85,9.96,984600,2.90
1999-10-19,9.96,10.09,9.70,9.72,1180200,2.83
1999-10-18,10.19,10.40,9.75,9.96,677100,2.90
1999-10-15,10.61,10.61,10.09,10.22,853100,2.97
1999-10-14,10.35,10.53,10.32,10.40,1035300,3.03
1999-10-13,10.32,10.45,10.19,10.37,953800,3.02
1999-10-12,10.63,10.71,10.37,10.48,1465600,3.05
1999-10-11,10.74,11.05,10.74,10.89,670900,3.17
1999-10-08,10.72,10.82,10.45,10.74,1450900,3.12
1999-10-07,11.05,11.05,10.69,10.71,796300,3.12
1999-10-06,10.84,11.15,10.84,10.97,1671800,3.19
1999-10-05,11.23,11.23,10.97,11.02,620400,3.21
1999-10-04,11.39,11.60,11.18,11.18,470600,3.25
1999-10-01,11.28,11.60,11.28,11.36,501200,3.31
1999-09-30,11.65,11.65,11.31,11.39,821800,3.31
1999-09-29,11.55,11.91,11.49,11.62,726400,3.38
1999-09-28,11.67,11.70,11.26,11.44,592300,3.33
1999-09-27,11.65,11.83,11.60,11.70,860800,3.40
1999-09-24,11.96,11.96,11.47,11.60,870600,3.37
1999-09-23,12.38,12.38,11.91,11.93,1369400,3.47
1999-09-22,12.38,12.71,12.32,12.32,906700,3.59
1999-09-21,12.79,12.79,12.27,12.38,801400,3.60
1999-09-20,12.95,13.00,12.71,12.77,818200,3.71
1999-09-17,13.08,13.08,12.66,12.87,1364600,3.74
1999-09-16,13.44,13.49,12.92,13.08,1032900,3.80
1999-09-15,13.59,13.60,13.23,13.34,588900,3.88
1999-09-14,13.73,13.81,13.57,13.60,473800,3.96
1999-09-13,13.75,13.91,13.73,13.83,695900,4.02
1999-09-10,14.30,14.30,13.65,13.86,1554000,4.03
1999-09-09,13.79,14.27,13.75,14.17,1047100,4.12
1999-09-08,13.79,13.88,13.62,13.78,1346600,4.01
1999-09-07,13.52,13.83,13.52,13.78,735300,4.01
1999-09-03,13.73,13.83,13.47,13.49,1240300,3.93
1999-09-02,13.47,13.52,13.26,13.34,1251900,3.88
1999-09-01,13.49,13.83,13.44,13.70,925900,3.99
1999-08-31,13.89,13.91,13.55,13.55,1723500,3.94
1999-08-30,14.14,14.20,13.86,13.94,1654500,4.05
1999-08-27,14.17,14.43,14.09,14.12,1145900,4.11
1999-08-26,14.14,14.30,14.01,14.17,1889400,4.12
1999-08-25,14.14,14.30,14.14,14.20,1354800,4.13
1999-08-24,14.07,14.20,14.01,14.17,1295400,4.12
1999-08-23,13.99,14.12,13.96,14.07,849500,4.09
1999-08-20,14.04,14.04,13.96,14.01,1283900,4.08
1999-08-19,13.94,14.09,13.86,14.04,1301900,4.08
1999-08-18,14.04,14.04,13.78,13.88,2741800,4.04
1999-08-17,13.42,14.12,13.42,13.99,1897800,4.07
1999-08-16,13.39,13.44,13.34,13.42,1144400,3.90
1999-08-13,13.31,13.44,13.29,13.42,1023500,3.90
1999-08-12,13.15,13.26,13.03,13.23,1270600,3.85
1999-08-11,12.74,13.29,12.69,13.16,2733900,3.83
1999-08-10,12.48,12.56,12.38,12.48,1963200,3.63
1999-08-09,12.53,12.64,12.25,12.45,3369200,3.62
1999-08-06,12.59,12.61,12.40,12.51,797300,3.64
1999-08-05,12.80,12.87,12.64,12.69,1188400,3.62
1999-08-04,12.66,12.90,12.66,12.77,1385800,3.64
1999-08-03,12.66,12.69,12.64,12.66,921800,3.61
1999-08-02,12.69,12.71,12.48,12.64,1159800,3.60
1999-07-30,12.69,12.74,12.66,12.69,1803100,3.62
1999-07-29,12.92,12.92,12.56,12.61,1327800,3.60
1999-07-28,13.05,13.10,12.79,12.92,1500400,3.69
1999-07-27,13.49,13.49,13.08,13.08,676200,3.73
1999-07-26,13.47,13.57,13.39,13.44,652800,3.83
1999-07-23,13.70,13.73,13.52,13.55,1005500,3.86
1999-07-22,13.73,13.73,13.39,13.68,1043900,3.90
1999-07-21,13.79,13.94,13.75,13.81,1071100,3.94
1999-07-20,14.27,14.27,13.75,13.83,1332900,3.94
1999-07-19,14.53,14.53,14.25,14.27,899200,4.07
1999-07-16,14.38,14.53,14.35,14.51,529000,4.14
1999-07-15,14.43,14.48,14.30,14.38,1133100,4.10
1999-07-14,14.35,14.48,14.25,14.33,1886500,4.09
1999-07-13,13.58,14.07,13.52,14.07,2360800,4.01
1999-07-12,13.52,13.52,13.36,13.47,3043500,3.84
1999-07-09,13.52,13.52,13.23,13.36,1556200,3.81
1999-07-08,13.62,13.62,13.26,13.39,2175900,3.82
1999-07-07,13.02,13.05,12.77,12.90,754500,3.68
1999-07-06,12.74,13.16,12.74,13.03,1898500,3.71
1999-07-02,12.69,12.74,12.53,12.69,861000,3.62
1999-07-01,12.59,12.95,12.58,12.74,1679300,3.63
1999-06-30,12.27,12.66,12.06,12.56,2362500,3.58
1999-06-29,12.09,12.35,12.06,12.25,779500,3.49
1999-06-28,12.40,12.43,12.06,12.19,1240800,3.48
1999-06-25,12.53,12.84,12.40,12.45,975900,3.55
1999-06-24,12.45,12.56,12.38,12.53,1070100,3.57
1999-06-23,12.59,12.69,12.04,12.48,1287000,3.56
1999-06-22,12.48,12.61,12.40,12.53,1050400,3.57
1999-06-21,12.80,12.84,12.48,12.58,459600,3.59
1999-06-18,12.85,12.90,12.77,12.84,856000,3.66
1999-06-17,12.90,12.92,12.69,12.74,1420400,3.63
1999-06-16,12.71,12.97,12.69,12.92,1632700,3.69
1999-06-15,12.56,12.77,12.56,12.64,428100,3.60
1999-06-14,12.48,12.66,12.45,12.56,1760800,3.58
1999-06-11,12.85,12.87,12.43,12.48,1926400,3.56
1999-06-10,12.40,13.00,12.40,12.95,724200,3.69
1999-06-09,12.81,12.82,12.45,12.45,909600,3.55
1999-06-08,12.98,13.00,12.74,12.84,862700,3.66
1999-06-07,12.98,13.16,12.90,12.95,254800,3.69
1999-06-04,12.98,13.21,12.90,12.97,663700,3.70
1999-06-03,12.77,13.05,12.77,12.92,1208600,3.69
1999-06-02,12.53,12.82,12.53,12.79,819900,3.65
1999-06-01,12.69,12.79,12.40,12.53,1043500,3.57
1999-05-28,13.00,13.18,12.58,12.66,1099700,3.61
1999-05-27,13.08,13.10,12.84,12.92,580500,3.69
1999-05-26,13.05,13.36,13.05,13.08,1002400,3.73
1999-05-25,13.44,13.62,13.05,13.05,902600,3.72
1999-05-24,13.70,13.88,13.49,13.49,1053300,3.85
1999-05-21,13.42,13.70,13.36,13.65,1838700,3.89
1999-05-20,13.49,13.57,13.34,13.39,713400,3.82
1999-05-19,13.47,13.68,13.36,13.42,796300,3.83
1999-05-18,13.65,13.66,13.36,13.42,1969400,3.83
1999-05-17,13.52,13.65,13.42,13.62,722100,3.89
1999-05-14,13.94,14.04,13.49,13.52,581700,3.86
1999-05-13,13.75,14.17,13.75,13.91,414100,3.97
1999-05-12,14.14,14.14,13.68,13.86,1004500,3.95
1999-05-11,13.99,14.27,13.70,14.14,841500,4.03
1999-05-10,14.04,14.22,13.96,14.04,328800,4.00
1999-05-07,14.35,14.35,13.78,13.91,753100,3.97
1999-05-06,14.41,14.64,14.04,14.33,579800,4.09
1999-05-05,14.93,14.95,14.53,14.82,611000,4.16
1999-05-04,14.72,15.39,14.69,15.11,812700,4.24
1999-05-03,14.84,14.95,14.48,14.64,1087000,4.10
1999-04-30,15.21,15.21,14.77,14.87,510300,4.17
1999-04-29,15.32,15.37,15.11,15.18,514100,4.26
1999-04-28,15.34,15.50,15.18,15.26,707400,4.28
1999-04-27,14.90,15.26,14.85,15.24,785100,4.27
1999-04-26,15.39,15.39,14.79,14.79,761500,4.15
1999-04-23,15.57,15.73,15.31,15.42,232200,4.32
1999-04-22,15.81,15.83,15.29,15.68,1032400,4.40
1999-04-21,16.09,16.20,15.70,15.78,784100,4.42
1999-04-20,15.88,16.17,15.42,16.17,692300,4.53
1999-04-19,16.22,16.33,15.83,15.89,957900,4.45
1999-04-16,16.09,16.41,16.02,16.22,1576900,4.55
1999-04-15,15.76,16.12,15.60,16.07,683100,4.50
1999-04-14,15.71,15.81,15.42,15.76,415100,4.42
1999-04-13,15.66,15.78,15.50,15.78,1048500,4.42
1999-04-12,15.42,15.96,15.42,15.76,1396100,4.42
1999-04-09,15.70,15.70,15.24,15.42,681700,4.32
1999-04-08,14.72,15.44,14.72,15.29,781400,4.29
1999-04-07,14.90,14.95,14.69,14.72,777400,4.13
1999-04-06,15.13,15.26,14.95,15.00,240600,4.21
1999-04-05,14.83,15.16,14.82,15.03,406900,4.21
1999-04-01,14.90,15.11,14.79,14.82,664400,4.16
1999-03-31,15.18,15.29,14.82,15.00,761500,4.21
1999-03-30,15.21,15.34,15.03,15.13,797800,4.24
1999-03-29,15.29,15.73,15.16,15.39,1315800,4.32
1999-03-26,14.63,15.24,14.59,15.13,936700,4.24
1999-03-25,14.53,14.95,14.27,14.53,1312900,4.07
1999-03-24,14.04,14.66,13.78,14.59,992000,4.09
1999-03-23,14.14,14.14,13.49,13.60,503300,3.81
1999-03-22,14.07,14.27,14.01,14.12,290300,3.96
1999-03-19,14.14,14.17,13.88,14.07,877100,3.94
1999-03-18,13.96,14.25,13.88,13.96,584100,3.91
1999-03-17,13.52,14.07,13.52,13.96,521600,3.91
1999-03-16,13.68,13.68,12.92,13.55,653800,3.80
1999-03-15,13.75,14.09,13.44,13.78,373300,3.86
1999-03-12,13.79,14.12,13.78,13.86,403800,3.89
1999-03-11,13.47,14.09,13.47,13.68,907400,3.83
1999-03-10,13.34,13.70,13.31,13.52,617000,3.79
1999-03-09,13.19,13.44,13.05,13.29,404500,3.72
1999-03-08,13.37,13.39,13.13,13.23,1100900,3.71
1999-03-05,13.83,13.83,13.13,13.34,2025900,3.74
1999-03-04,12.90,13.31,12.77,13.31,1772300,3.73
1999-03-03,12.74,13.00,12.74,12.92,876900,3.62
1999-03-02,13.00,13.08,12.79,12.82,980500,3.59
1999-03-01,12.69,13.00,12.66,12.95,685300,3.63
1999-02-26,12.95,12.95,12.64,12.66,884600,3.55
1999-02-25,13.02,13.03,12.69,12.90,927100,3.62
1999-02-24,13.19,13.26,13.08,13.13,1119400,3.68
1999-02-23,13.29,13.29,12.95,13.16,732900,3.69
1999-02-22,13.15,13.23,13.03,13.21,1573800,3.70
1999-02-19,13.47,13.47,12.92,13.26,951600,3.72
1999-02-18,13.83,13.83,13.26,13.47,498000,3.78
1999-02-17,13.94,14.04,13.78,13.81,628800,3.87
1999-02-16,14.09,14.43,13.86,14.04,355000,3.94
1999-02-12,13.96,14.25,13.91,14.01,3331900,3.93
1999-02-11,14.87,14.87,13.75,13.91,820900,3.90
1999-02-10,14.07,14.92,14.04,14.92,631200,4.18
1999-02-09,14.33,14.33,13.88,13.94,337700,3.91
1999-02-08,14.14,14.46,14.14,14.35,383600,4.02
1999-02-05,13.96,14.56,13.96,14.38,443900,3.96
1999-02-04,14.20,14.27,13.83,13.96,579500,3.85
1999-02-03,14.22,14.35,14.04,14.25,438400,3.93
1999-02-02,14.56,14.82,14.25,14.30,448500,3.94
1999-02-01,14.62,15.05,14.33,14.64,882600,4.03
1999-01-29,14.14,14.66,14.12,14.61,572300,4.03
1999-01-28,13.86,14.20,13.86,14.14,1131400,3.90
1999-01-27,13.99,14.07,13.83,13.88,618900,3.82
1999-01-26,13.89,13.99,13.75,13.94,416300,3.84
1999-01-25,13.94,14.07,13.73,13.94,563400,3.84
1999-01-22,14.41,14.48,13.96,14.12,369700,3.89
1999-01-21,14.46,14.72,14.33,14.40,327100,3.97
1999-01-20,14.33,14.51,14.20,14.22,455500,3.92
1999-01-19,14.38,14.40,14.04,14.22,854300,3.92
1999-01-15,14.41,14.61,14.38,14.59,573800,4.02
1999-01-14,14.53,14.64,14.30,14.35,449700,3.95
1999-01-13,14.62,14.87,14.53,14.56,566100,4.01
1999-01-12,14.83,15.29,14.77,14.77,583400,4.07
1999-01-11,15.16,15.24,14.72,14.79,473500,4.08
1999-01-08,15.34,15.39,14.98,15.26,501400,4.20
1999-01-07,15.32,15.34,15.03,15.34,481400,4.23
1999-01-06,14.79,15.42,14.77,15.42,662900,4.25
1999-01-05,14.77,14.90,14.69,14.79,384600,4.08
1999-01-04,15.11,15.31,14.59,14.77,1568900,4.07
1998-12-31,14.83,15.11,14.82,15.00,710300,4.13
1998-12-30,14.43,14.90,14.33,14.85,776400,4.09
1998-12-29,14.20,14.61,14.20,14.53,1506900,4.00
1998-12-28,14.01,14.01,13.81,13.96,427600,3.85
1998-12-24,14.12,14.20,13.94,14.01,189400,3.86
1998-12-23,13.73,14.14,13.70,14.14,610500,3.90
1998-12-22,13.31,13.68,13.23,13.65,756400,3.76
1998-12-21,13.52,13.52,13.23,13.26,1061000,3.65
1998-12-18,13.10,13.55,13.10,13.52,898000,3.72
1998-12-17,13.44,13.52,13.21,13.23,924000,3.65
1998-12-16,13.26,13.47,13.21,13.36,881900,3.68
1998-12-15,13.00,13.26,12.87,13.26,847300,3.65
1998-12-14,13.02,13.05,12.84,12.90,910100,3.55
1998-12-11,12.90,13.21,12.79,13.03,1524000,3.59
1998-12-10,13.88,13.88,13.21,13.21,1105200,3.64
1998-12-09,13.59,13.86,13.47,13.81,699000,3.80
1998-12-08,13.73,13.81,13.31,13.52,481200,3.72
1998-12-07,13.94,13.99,13.62,13.83,572100,3.81
1998-12-04,13.52,14.04,13.52,13.96,611700,3.85
1998-12-03,13.68,13.88,13.34,13.49,690100,3.72
1998-12-02,13.79,13.96,13.57,13.68,756400,3.77
1998-12-01,14.01,14.07,13.60,13.78,649500,3.80
1998-11-30,13.65,14.09,13.36,14.09,825400,3.88
1998-11-27,13.84,13.94,13.62,13.70,492000,3.77
1998-11-25,13.99,14.04,13.60,13.65,000,3.76
1998-11-24,14.17,14.27,13.83,13.88,348000,3.82
1998-11-23,13.89,14.17,13.86,14.17,481000,3.90
1998-11-20,13.86,14.09,13.73,13.78,453300,3.80
1998-11-19,14.04,14.12,13.81,13.86,453100,3.82
1998-11-18,14.17,14.20,13.94,14.04,702400,3.87
1998-11-17,14.38,14.38,14.07,14.22,273300,3.92
1998-11-16,14.46,14.46,13.94,14.38,1117300,3.96
1998-11-13,14.53,14.61,14.12,14.40,459600,3.97
1998-11-12,14.38,14.61,14.38,14.56,824200,4.01
1998-11-11,14.66,14.66,14.40,14.46,1058600,3.98
1998-11-10,14.51,14.61,14.38,14.56,824200,4.01
1998-11-09,14.98,15.13,14.04,14.51,1265300,4.00
1998-11-06,14.98,15.18,14.95,15.05,481000,4.15
1998-11-05,15.13,15.18,14.66,15.03,561700,4.07
1998-11-04,14.98,15.50,14.98,15.18,1139100,4.11
1998-11-03,14.62,15.00,14.59,14.92,476200,4.04
1998-11-02,14.33,14.69,14.30,14.61,931200,3.96
1998-10-30,13.96,14.77,13.88,14.27,1017300,3.87
1998-10-29,13.52,14.04,13.47,13.96,1254500,3.78
1998-10-28,13.68,13.96,12.90,13.36,1535800,3.62
1998-10-27,14.40,14.40,13.65,13.68,1030500,3.70
1998-10-26,13.60,14.48,13.60,14.35,859100,3.89
1998-10-23,13.44,13.70,13.21,13.60,1178300,3.68
1998-10-22,12.90,13.60,12.79,13.34,2522800,3.61
1998-10-21,12.45,12.84,12.30,12.64,2793200,3.42
1998-10-20,12.38,12.58,12.32,12.45,1201400,3.37
1998-10-19,12.48,12.77,12.27,12.27,525700,3.32
1998-10-16,12.59,12.61,12.35,12.38,921400,3.35
1998-10-15,12.60,12.66,12.38,12.58,993900,3.41
1998-10-14,13.15,13.42,12.61,12.61,488200,3.42
1998-10-13,12.66,13.62,12.61,13.13,646600,3.56
1998-10-12,12.79,12.79,12.48,12.56,319400,3.40
1998-10-09,12.85,12.92,12.27,12.74,306400,3.45
1998-10-08,12.90,13.13,12.40,12.84,300000,3.48
1998-10-07,13.31,13.31,12.58,13.08,611500,3.54
1998-10-06,13.83,13.83,12.90,13.21,1079800,3.58
1998-10-05,13.47,13.88,13.47,13.83,552600,3.75
1998-10-02,12.98,13.70,12.97,13.47,506700,3.65
1998-10-01,13.15,13.52,12.48,12.79,1315100,3.47
1998-09-30,14.14,14.14,13.23,13.31,1163700,3.61
1998-09-29,14.69,14.69,13.88,14.35,966100,3.89
1998-09-28,15.05,15.05,14.66,14.69,481000,3.98
1998-09-25,14.83,15.16,14.82,15.05,458800,4.08
1998-09-24,15.37,15.37,14.69,14.92,918200,4.04
1998-09-23,14.56,15.08,14.56,15.08,619200,4.09
1998-09-22,14.58,14.59,14.30,14.51,510000,3.93
1998-09-21,14.09,14.48,14.09,14.35,1243900,3.89
1998-09-18,13.79,14.25,13.73,14.20,1139400,3.85
1998-09-17,13.47,13.88,13.31,13.75,755200,3.73
1998-09-16,13.49,13.60,13.42,13.60,270900,3.68
1998-09-15,13.54,13.62,13.39,13.49,525700,3.66
1998-09-14,13.58,13.73,13.42,13.55,964600,3.67
1998-09-11,13.34,13.49,13.26,13.47,1191100,3.65
1998-09-10,13.29,13.55,13.26,13.36,737500,3.62
1998-09-09,13.96,13.96,13.31,13.34,788900,3.61
1998-09-08,13.79,14.04,13.39,13.99,765600,3.79
1998-09-04,13.03,13.88,13.03,13.57,641100,3.68
1998-09-03,13.05,13.21,12.79,12.84,1074200,3.48
1998-09-02,13.26,13.29,12.92,13.05,1149200,3.54
1998-09-01,13.80,13.81,13.05,13.49,917500,3.66
1998-08-31,14.30,14.61,13.73,13.75,415300,3.73
1998-08-28,14.62,14.64,14.14,14.25,450400,3.86
1998-08-27,14.90,15.26,14.56,14.56,659800,3.94
1998-08-26,15.26,15.29,14.98,15.05,507900,4.08
1998-08-25,15.60,15.76,15.18,15.26,786300,4.13
1998-08-24,16.12,16.15,15.60,15.70,1076400,4.25
1998-08-21,16.54,16.56,16.04,16.33,1313900,4.42
1998-08-20,16.41,16.72,16.41,16.67,1712500,4.52
1998-08-19,16.09,16.43,16.09,16.38,1038700,4.44
1998-08-18,15.87,16.12,15.83,16.09,630700,4.36
1998-08-17,15.87,16.09,15.86,15.96,801200,4.32
1998-08-14,15.94,16.17,15.70,15.86,849000,4.30
1998-08-13,15.78,16.07,15.76,15.94,592500,4.32
1998-08-12,15.50,15.94,15.50,15.68,1080700,4.25
1998-08-11,15.29,15.55,15.21,15.50,1062500,4.20
1998-08-10,15.24,15.89,15.16,15.63,1409300,4.23
1998-08-07,15.13,15.68,15.05,15.11,1430500,4.09
1998-08-06,15.16,15.37,14.92,15.13,1128800,4.10
1998-08-05,15.18,15.50,15.11,15.37,1375900,4.10
1998-08-04,15.39,15.65,15.08,15.08,749000,4.02
1998-08-03,15.57,15.70,15.31,15.31,731200,4.08
1998-07-31,15.76,15.83,15.42,15.57,803100,4.15
1998-07-30,15.11,15.91,15.11,15.73,1079000,4.19
1998-07-29,14.83,15.05,14.77,15.05,853300,4.01
1998-07-28,14.72,14.98,14.51,14.72,1100400,3.92
1998-07-27,15.18,15.18,14.46,14.61,1701400,3.89
1998-07-24,15.66,15.78,15.05,15.18,637000,4.05
1998-07-23,16.02,16.07,15.50,15.63,864900,4.16
1998-07-22,15.47,15.76,15.42,15.63,614600,4.16
1998-07-21,15.50,15.60,15.31,15.34,792700,4.09
1998-07-20,15.81,15.89,15.50,15.52,280500,4.14
1998-07-17,15.99,16.02,15.70,15.86,576600,4.23
1998-07-16,15.83,16.02,15.83,15.99,780200,4.26
1998-07-15,16.09,16.22,15.99,16.02,976900,4.27
1998-07-14,15.63,16.12,15.63,16.09,693500,4.29
1998-07-13,15.87,15.96,15.57,15.63,550200,4.16
1998-07-10,15.92,16.02,15.73,15.86,340300,4.23
1998-07-09,16.09,16.15,15.81,15.86,525700,4.23
1998-07-08,15.94,16.17,15.94,16.09,504500,4.29
1998-07-07,16.07,16.07,15.81,15.83,343900,4.22
1998-07-06,16.35,16.35,15.81,15.99,617500,4.26
1998-07-02,16.59,16.61,16.28,16.35,366800,4.36
1998-07-01,16.15,16.59,16.12,16.59,927600,4.42
1998-06-30,16.04,16.17,16.02,16.15,550900,4.30
1998-06-29,15.94,16.22,15.89,16.04,839400,4.28
1998-06-26,15.78,15.99,15.68,15.91,604000,4.24
1998-06-25,15.99,15.99,15.55,15.68,320400,4.18
1998-06-24,15.66,15.99,15.65,15.99,1145400,4.26
1998-06-23,15.67,15.81,15.63,15.73,768200,4.19
1998-06-22,15.73,15.89,15.42,15.60,1713700,4.16
1998-06-19,16.54,16.54,15.81,15.89,810500,4.23
1998-06-18,16.20,16.20,15.91,15.91,478800,4.24
1998-06-17,15.87,16.38,15.86,16.17,697600,4.31
1998-06-16,15.18,15.70,15.16,15.60,520900,4.16
1998-06-15,15.76,15.76,15.13,15.13,1395200,4.03
1998-06-12,15.60,15.91,15.57,15.91,937700,4.24
1998-06-11,16.33,16.35,15.57,15.60,1151900,4.16
1998-06-10,16.02,16.48,16.02,16.28,1529000,4.34
1998-06-09,16.49,16.54,16.15,16.20,883800,4.32
1998-06-08,16.46,16.64,16.41,16.48,1136300,4.39
1998-06-05,16.61,16.61,16.35,16.56,1048800,4.41
1998-06-04,16.80,16.80,16.43,16.54,1820600,4.41
1998-06-03,17.42,17.45,16.67,16.90,1345200,4.50
1998-06-02,17.53,17.58,17.26,17.45,558600,4.65
1998-06-01,17.68,17.68,17.26,17.55,1232200,4.68
1998-05-29,17.37,17.81,17.34,17.68,4139600,4.71
1998-05-28,17.06,17.47,17.06,17.39,1503600,4.64
1998-05-27,16.82,17.16,16.74,17.11,764100,4.56
1998-05-26,17.19,17.26,16.93,16.95,366800,4.52
1998-05-22,17.26,17.29,17.19,17.24,415100,4.59
1998-05-21,17.40,17.45,17.24,17.32,1000900,4.61
1998-05-20,17.37,17.39,17.21,17.37,677100,4.63
1998-05-19,17.26,17.45,17.06,17.13,393500,4.57
1998-05-18,17.45,17.63,17.19,17.24,812000,4.59
1998-05-15,17.50,17.71,17.45,17.60,1093700,4.69
1998-05-14,17.47,17.52,17.37,17.42,1395900,4.64
1998-05-13,17.47,17.63,17.39,17.50,790800,4.66
1998-05-12,17.50,17.55,17.34,17.52,489900,4.67
1998-05-11,17.58,17.65,17.37,17.47,584800,4.66
1998-05-08,17.42,17.84,17.42,17.60,943900,4.69
1998-05-07,17.73,17.73,17.34,17.45,1137700,4.65
1998-05-06,17.58,17.84,17.50,17.78,3162200,4.74
1998-05-05,17.55,17.68,17.47,17.58,2651900,4.62
1998-05-04,17.19,17.60,17.11,17.49,2238200,4.59
1998-05-01,16.98,17.13,16.95,17.08,1503800,4.49
1998-04-30,16.87,16.98,16.82,16.82,1069200,4.42
1998-04-29,16.75,16.85,16.74,16.80,1281000,4.41
1998-04-28,16.64,16.72,16.17,16.67,6054600,4.38
1998-04-27,17.42,17.47,16.54,16.54,1569200,4.34
1998-04-24,17.84,17.86,17.21,17.52,2148500,4.60
1998-04-23,17.68,17.97,17.65,17.84,2198500,4.69
1998-04-22,17.40,17.55,17.34,17.42,1047100,4.58
1998-04-21,17.45,17.47,17.34,17.39,772800,4.57
1998-04-20,17.53,17.58,17.39,17.42,914900,4.58
1998-04-17,17.79,17.81,17.60,17.76,559800,4.67
1998-04-16,17.63,17.86,17.60,17.86,786000,4.69
1998-04-15,17.47,17.97,17.45,17.78,1169900,4.67
1998-04-14,17.47,17.50,17.32,17.45,517000,4.58
1998-04-13,17.01,17.65,16.95,17.63,3279300,4.63
1998-04-09,17.52,17.52,16.67,16.67,2615800,4.38
1998-04-08,17.73,17.73,17.47,17.58,651600,4.62
1998-04-07,17.70,17.84,17.68,17.68,1186700,4.64
1998-04-06,17.55,17.89,17.52,17.68,777600,4.64
1998-04-03,17.47,17.76,17.39,17.52,548300,4.60
1998-04-02,17.45,17.52,17.39,17.52,260500,4.60
1998-04-01,17.01,17.45,16.87,17.45,862700,4.58
1998-03-31,16.96,17.13,16.95,17.03,1397800,4.47
1998-03-30,17.19,17.19,16.61,16.80,1505200,4.41
1998-03-27,17.47,17.55,17.13,17.19,805700,4.52
1998-03-26,17.45,17.47,17.34,17.39,1226400,4.57
1998-03-25,17.01,17.50,17.00,17.00,2165300,4.47
1998-03-24,18.20,18.23,16.69,16.90,3515600,4.44
1998-03-23,18.15,18.43,18.15,18.23,1136300,4.79
1998-03-20,17.84,18.10,17.84,17.99,593700,4.73
1998-03-19,17.84,17.99,17.63,17.97,612900,4.72
1998-03-18,17.45,17.86,17.34,17.84,687700,4.69
1998-03-17,17.58,17.65,17.32,17.45,722800,4.58
1998-03-16,17.75,17.76,17.55,17.68,366100,4.64
1998-03-13,17.50,17.76,17.50,17.68,379800,4.64
1998-03-12,17.65,17.65,17.29,17.50,713700,4.60
1998-03-11,17.29,17.94,17.26,17.60,1153600,4.62
1998-03-10,16.91,17.11,16.90,17.08,919400,4.49
1998-03-09,17.01,17.16,16.64,16.82,1373500,4.42
1998-03-06,17.06,17.13,16.90,16.98,848500,4.46
1998-03-05,16.96,17.08,16.85,16.87,997300,4.43
1998-03-04,17.08,17.37,16.93,16.95,497100,4.45
1998-03-03,17.01,17.11,16.93,17.11,606900,4.49
1998-03-02,16.66,17.06,16.56,16.98,1359600,4.46
1998-02-27,16.74,16.74,16.56,16.61,597800,4.36
1998-02-26,16.59,16.74,16.56,16.74,838700,4.40
1998-02-25,16.59,16.67,16.43,16.59,336500,4.36
1998-02-24,16.66,16.67,16.43,16.54,1194700,4.34
1998-02-23,17.06,17.06,16.59,16.67,719400,4.38
1998-02-20,17.03,17.06,16.93,17.06,720600,4.48
1998-02-19,16.96,17.19,16.95,17.06,858800,4.48
1998-02-18,16.85,17.03,16.72,16.98,1273300,4.46
1998-02-17,16.91,16.93,16.82,16.85,704800,4.43
1998-02-13,16.82,17.03,16.80,16.90,556200,4.44
1998-02-12,16.87,16.90,16.72,16.85,374500,4.43
1998-02-11,16.85,17.03,16.82,16.87,595100,4.43
1998-02-10,16.82,16.85,16.72,16.85,591100,4.43
1998-02-09,16.85,16.95,16.67,16.85,1544900,4.43
1998-02-06,16.80,16.95,16.77,16.85,649000,4.43
1998-02-05,16.61,16.90,16.61,16.80,674000,4.35
1998-02-04,16.80,16.80,16.59,16.67,401600,4.31
1998-02-03,16.85,16.87,16.59,16.82,1544900,4.35
1998-02-02,16.38,16.85,16.35,16.85,1365100,4.36
1998-01-30,16.09,16.28,16.09,16.12,869200,4.17
1998-01-29,15.88,16.25,15.86,16.09,1069400,4.17
1998-01-28,15.83,16.02,15.78,15.89,740800,4.11
1998-01-27,16.02,16.33,15.65,15.70,1266100,4.06
1998-01-26,15.97,16.20,15.96,16.07,1076400,4.16
1998-01-23,16.33,16.33,15.81,15.86,826900,4.10
1998-01-22,16.71,16.72,16.22,16.41,1947100,4.25
1998-01-21,17.37,17.55,17.21,17.52,355000,4.54
1998-01-20,17.06,17.68,17.00,17.65,488700,4.57
1998-01-16,17.65,17.65,17.26,17.37,990800,4.49
1998-01-15,17.21,17.45,17.19,17.24,1179800,4.46
1998-01-14,17.19,17.19,17.19,17.19,000,4.45
1998-01-13,16.46,17.06,16.46,17.06,665300,4.41
1998-01-12,15.88,16.54,15.86,16.46,546100,4.26
1998-01-09,16.77,16.77,16.17,16.22,355000,4.20
1998-01-08,16.71,16.95,16.61,16.82,413400,4.35
1998-01-07,16.91,17.03,16.48,16.74,735500,4.33
1998-01-06,17.60,17.63,16.64,16.90,926600,4.37
1998-01-05,17.32,17.63,17.24,17.60,664900,4.56
1998-01-02,17.45,17.50,16.98,17.21,355200,4.45
1997-12-31,17.42,17.65,17.26,17.50,298000,4.53
1997-12-30,17.52,17.52,17.39,17.50,247300,4.53
1997-12-29,17.16,17.52,17.16,17.47,375900,4.52
1997-12-26,17.40,17.47,16.82,17.21,73000,4.45
1997-12-24,17.06,17.42,17.00,17.37,292700,4.49
1997-12-23,17.70,17.71,16.98,16.98,337900,4.39
1997-12-22,17.42,18.02,17.34,17.86,533400,4.62
1997-12-19,17.53,17.60,16.82,17.42,842000,4.51
1997-12-18,17.70,17.71,17.47,17.52,1420200,4.54
1997-12-17,17.68,17.84,17.68,17.71,646600,4.58
1997-12-16,18.00,18.04,17.60,17.60,504000,4.56
1997-12-15,17.53,17.91,17.52,17.89,926600,4.63
1997-12-12,17.99,17.99,17.45,17.50,962200,4.53
1997-12-11,17.53,17.78,17.37,17.60,1492000,4.56
1997-12-10,17.42,17.60,17.37,17.55,1011300,4.54
1997-12-09,17.42,17.68,17.32,17.47,1450400,4.52
1997-12-08,17.34,17.39,17.16,17.32,431700,4.48
1997-12-05,16.85,17.55,16.85,17.34,847600,4.49
1997-12-04,16.96,17.21,16.85,16.87,432400,4.37
1997-12-03,16.64,17.06,16.51,16.98,967000,4.39
1997-12-02,16.82,16.90,16.54,16.59,1018200,4.29
1997-12-01,17.03,17.03,16.61,16.82,612200,4.35
1997-11-28,16.85,17.03,16.82,16.82,206400,4.35
1997-11-26,16.96,17.06,16.74,16.74,1178600,4.33
1997-11-25,16.93,16.93,16.93,16.93,000,4.38
1997-11-24,17.37,17.84,17.34,17.63,1169700,4.56
1997-11-21,17.50,17.55,17.29,17.42,738400,4.51
1997-11-20,17.84,17.84,17.47,17.55,439100,4.54
1997-11-19,17.75,18.07,17.58,17.84,570100,4.62
1997-11-18,17.68,17.91,17.65,17.86,1335500,4.62
1997-11-17,17.55,17.55,17.24,17.37,1293000,4.49
1997-11-14,16.75,17.26,16.67,17.21,882900,4.45
1997-11-13,16.51,16.59,16.17,16.36,1367500,4.23
1997-11-12,16.98,17.06,16.56,16.59,666300,4.29
1997-11-11,16.93,17.11,16.93,17.08,426900,4.42
1997-11-10,16.85,17.21,16.80,16.93,713400,4.38
1997-11-07,16.25,16.85,16.25,16.85,1406200,4.36
1997-11-06,16.49,16.69,16.38,16.61,1338700,4.30
1997-11-05,17.00,17.00,16.64,16.64,706000,4.24
1997-11-04,16.71,16.90,16.69,16.90,674500,4.31
1997-11-03,16.70,16.82,16.67,16.82,1097600,4.29
1997-10-31,16.61,16.67,16.51,16.67,751200,4.25
1997-10-30,16.36,16.59,16.25,16.56,815100,4.22
1997-10-29,16.33,16.64,16.33,16.48,1100200,4.20
1997-10-28,14.98,16.72,14.79,16.22,1600400,4.14
1997-10-27,16.49,16.56,15.65,15.65,741800,3.99
1997-10-24,16.70,16.82,16.56,16.64,1175700,4.24
1997-10-23,16.61,16.67,16.43,16.59,1145400,4.23
1997-10-22,16.64,16.82,16.59,16.72,862900,4.26
1997-10-21,16.51,16.74,16.41,16.74,944200,4.27
1997-10-20,16.36,16.54,15.96,16.51,2075400,4.21
1997-10-17,16.38,16.59,16.38,16.46,2882700,4.20
1997-10-16,16.66,16.67,16.35,16.43,1858100,4.19
1997-10-15,16.04,16.72,16.04,16.59,2900700,4.23
1997-10-14,15.92,16.12,15.50,16.12,2778800,4.11
1997-10-13,16.33,16.41,15.60,15.73,2045900,4.01
1997-10-10,16.22,16.43,16.20,16.25,4104300,4.14
1997-10-09,17.26,17.55,16.12,16.17,10396400,4.12
1997-10-08,18.04,18.04,17.16,17.26,1807700,4.40
1997-10-07,18.10,18.28,17.99,18.07,926900,4.61
1997-10-06,18.00,18.07,17.91,18.04,1046100,4.60
1997-10-03,18.41,18.46,17.86,17.89,1168500,4.56
1997-10-02,18.15,18.38,18.15,18.25,436300,4.65
1997-10-01,18.33,18.33,18.02,18.17,1281400,4.63
1997-09-30,18.30,18.38,18.07,18.23,523000,4.65
1997-09-29,18.38,18.43,18.25,18.38,664600,4.69
1997-09-26,18.44,18.54,18.25,18.38,404300,4.69
1997-09-25,18.51,18.85,18.41,18.41,530000,4.69
1997-09-24,18.36,18.80,18.36,18.59,571800,4.74
1997-09-23,18.88,18.90,18.49,18.72,1097800,4.77
1997-09-22,18.67,19.29,18.67,18.98,1871400,4.84
1997-09-19,18.07,18.43,18.07,18.38,768700,4.69
1997-09-18,17.96,18.10,17.91,18.07,610300,4.61
1997-09-17,17.95,18.02,17.71,17.89,529800,4.56
1997-09-16,17.58,18.10,17.58,17.99,890100,4.59
1997-09-15,17.45,17.68,17.42,17.47,771600,4.45
1997-09-12,17.24,17.45,17.11,17.37,1067700,4.43
1997-09-11,17.16,17.21,16.98,17.13,1317700,4.37
1997-09-10,17.45,17.58,17.34,17.37,1076900,4.43
1997-09-09,17.47,17.47,17.47,17.47,000,4.45
1997-09-08,17.13,17.94,17.11,17.60,1708600,4.49
1997-09-05,16.77,17.29,16.77,17.11,1256000,4.36
1997-09-04,16.64,16.93,16.59,16.67,1539600,4.25
1997-09-03,16.61,16.85,16.54,16.77,1030500,4.27
1997-09-02,16.15,16.61,16.15,16.61,912700,4.24
1997-08-29,16.17,16.28,16.12,16.17,821800,4.12
1997-08-28,16.09,16.43,16.04,16.28,1815800,4.15
1997-08-27,15.92,16.22,15.89,16.09,1242000,4.10
1997-08-26,15.87,16.02,15.86,15.91,767300,4.06
1997-08-25,15.73,16.22,15.73,16.04,1604800,4.09
1997-08-22,15.55,15.81,15.39,15.76,521100,4.02
1997-08-21,15.81,15.81,15.52,15.65,497300,3.99
1997-08-20,15.29,15.83,15.26,15.78,984300,4.02
1997-08-19,15.03,15.31,15.00,15.29,925700,3.90
1997-08-18,15.32,15.39,15.00,15.05,658100,3.84
1997-08-15,14.98,15.42,14.87,15.42,551600,3.93
1997-08-14,15.45,15.55,15.29,15.34,769400,3.91
1997-08-13,15.62,15.86,15.39,15.55,734300,3.96
1997-08-12,15.18,15.65,15.18,15.52,894700,3.96
1997-08-11,15.37,15.39,15.18,15.21,961700,3.88
1997-08-08,15.39,15.60,15.16,15.39,842700,3.92
1997-08-07,15.88,15.99,15.55,15.68,1447100,4.00
1997-08-06,14.90,16.35,14.85,15.99,2546100,4.08
1997-08-05,14.93,15.08,14.90,14.98,960100,3.75
1997-08-04,14.93,15.05,14.77,14.92,1206700,3.74
1997-08-01,14.95,15.05,14.85,14.92,1110300,3.74
1997-07-31,14.88,15.18,14.61,14.90,1012900,3.73
1997-07-30,14.98,15.34,14.72,14.98,2257200,3.75
1997-07-29,13.89,15.34,13.88,15.24,3025700,3.82
1997-07-28,13.81,13.81,13.81,13.81,000,3.46
1997-07-25,13.79,13.94,13.47,13.65,1925200,3.42
1997-07-24,13.84,13.88,13.57,13.73,3004800,3.44
1997-07-23,13.05,13.05,12.87,12.95,732200,3.25
1997-07-22,13.03,13.03,13.03,13.03,000,3.27
1997-07-21,12.85,13.08,12.74,12.95,1195400,3.25
1997-07-18,12.85,12.92,12.69,12.90,727100,3.23
1997-07-17,13.05,13.10,12.79,12.92,6098100,3.24
1997-07-16,13.31,13.36,13.08,13.23,663200,3.32
1997-07-15,13.42,13.42,13.10,13.34,532200,3.34
1997-07-14,13.59,13.60,13.42,13.52,1261300,3.39
1997-07-11,13.29,13.57,13.21,13.55,1056700,3.40
1997-07-10,13.31,13.31,13.21,13.29,1242500,3.33
1997-07-09,13.42,13.55,13.31,13.36,1800200,3.35
1997-07-08,13.13,13.47,13.13,13.36,1005000,3.35
1997-07-07,13.49,13.49,13.13,13.18,671800,3.30
1997-07-03,13.19,13.49,13.18,13.47,474200,3.38
1997-07-02,12.90,13.05,12.87,13.03,689400,3.27
1997-07-01,12.98,13.05,12.82,12.87,806400,3.23
1997-06-30,13.26,13.29,12.90,12.90,907400,3.23
1997-06-27,13.15,13.23,12.97,13.16,448300,3.30
1997-06-26,12.92,13.26,12.87,13.10,1159800,3.28
1997-06-25,13.21,13.21,12.79,12.82,1123000,3.21
1997-06-24,13.10,13.29,13.10,13.26,1033600,3.32
1997-06-23,12.74,13.16,12.74,13.05,1764100,3.27
1997-06-20,12.84,12.84,12.74,12.79,402800,3.21
1997-06-19,12.95,12.95,12.79,12.84,502100,3.22
1997-06-18,12.85,13.00,12.74,12.95,354500,3.25
1997-06-17,13.10,13.16,13.00,13.05,716800,3.27
1997-06-16,13.00,13.16,13.00,13.16,512000,3.30
1997-06-13,12.95,13.16,12.95,12.95,1515600,3.25
1997-06-12,12.90,13.00,12.84,12.95,1989600,3.25
1997-06-11,12.53,12.95,12.53,12.79,1837200,3.21
1997-06-10,12.38,12.64,12.38,12.53,776900,3.14
1997-06-09,12.38,12.38,12.38,12.38,000,3.10
1997-06-06,12.53,12.63,12.53,12.58,000,3.15
1997-06-05,12.64,12.64,12.53,12.58,374700,3.15
1997-06-04,12.53,12.64,12.53,12.64,510800,3.17
1997-06-03,12.38,12.79,12.38,12.69,2522800,3.18
1997-06-02,12.38,12.48,12.38,12.43,794200,3.12
1997-05-30,12.32,12.48,12.32,12.43,560300,3.12
1997-05-29,12.48,12.53,12.32,12.43,331900,3.12
1997-05-28,12.64,12.69,12.43,12.53,2291300,3.14
1997-05-27,12.53,12.64,12.38,12.64,587900,3.17
1997-05-23,12.64,12.74,12.58,12.58,429300,3.15
1997-05-22,12.38,12.64,12.38,12.53,1343900,3.14
1997-05-21,12.38,12.48,12.27,12.38,1101200,3.10
1997-05-20,12.43,12.53,12.32,12.38,698300,3.10
1997-05-19,12.22,12.43,12.22,12.43,839900,3.12
1997-05-16,12.22,12.27,12.17,12.22,582400,3.06
1997-05-15,12.27,12.43,12.22,12.27,1564400,3.08
1997-05-14,12.17,12.27,12.01,12.27,1186500,3.08
1997-05-13,12.27,12.27,12.12,12.17,1724200,3.05
1997-05-12,12.09,12.38,12.09,12.32,604300,3.09
1997-05-09,12.11,12.22,12.06,12.12,309100,3.04
1997-05-08,11.96,12.12,11.86,12.06,325400,3.02
1997-05-07,12.06,12.06,11.91,11.96,920600,3.00
1997-05-06,11.86,12.27,11.70,12.27,2031900,3.01
1997-05-05,11.65,11.80,11.65,11.80,973500,2.90
1997-05-02,11.55,11.65,11.49,11.60,949000,2.85
1997-05-01,11.49,11.49,11.49,11.49,000,2.82
1997-04-30,11.13,11.44,11.13,11.39,1127400,2.80
1997-04-29,11.18,11.18,11.02,11.13,1159600,2.73
1997-04-28,10.97,11.23,10.92,11.02,1463200,2.71
1997-04-25,10.51,10.92,10.45,10.87,3988900,2.67
1997-04-24,10.30,10.56,10.30,10.45,2435300,2.57
1997-04-23,10.30,10.30,10.14,10.19,228600,2.50
1997-04-22,10.30,10.30,10.14,10.19,472100,2.50
1997-04-21,10.24,10.40,10.24,10.30,585300,2.53
1997-04-18,10.24,10.24,10.24,10.24,000,2.52
1997-04-17,10.24,10.24,9.98,10.09,364600,2.48
1997-04-16,10.19,10.30,9.98,10.30,484800,2.53
1997-04-15,10.35,10.35,10.14,10.19,717000,2.50
1997-04-14,10.24,10.35,10.19,10.35,1062200,2.54
1997-04-11,9.98,10.24,9.98,10.19,514600,2.50
1997-04-10,10.24,10.24,10.24,10.24,000,2.52
1997-04-09,10.40,10.40,10.30,10.35,123700,2.54
1997-04-08,10.45,10.45,10.30,10.35,265300,2.54
1997-04-07,10.45,10.66,10.40,10.56,165800,2.59
1997-04-04,10.45,10.45,10.45,10.45,000,2.57
1997-04-03,10.50,10.50,10.19,10.35,889400,2.54
1997-04-02,10.71,10.71,10.50,10.61,472500,2.60
1997-04-01,10.82,10.87,10.71,10.82,356400,2.66
1997-03-31,10.97,11.02,10.76,10.87,748800,2.67
1997-03-27,11.28,11.34,11.08,11.13,791500,2.73
1997-03-26,11.28,11.49,11.28,11.34,963700,2.78
1997-03-25,11.39,11.49,11.28,11.34,511300,2.78
1997-03-24,11.60,11.60,11.28,11.39,288400,2.80
1997-03-21,11.39,11.49,11.28,11.49,478300,2.82
1997-03-20,11.23,11.44,11.13,11.34,528600,2.78
1997-03-19,11.23,11.28,11.18,11.23,774200,2.76
1997-03-18,11.54,11.54,11.18,11.34,979300,2.78
1997-03-17,11.28,11.60,11.28,11.60,313700,2.85
1997-03-14,11.60,11.65,11.34,11.34,923800,2.78
1997-03-13,11.65,11.65,11.49,11.49,619900,2.82
1997-03-12,11.80,11.80,11.60,11.65,586300,2.86
1997-03-11,11.55,11.75,11.49,11.60,1165800,2.85
1997-03-10,11.60,11.60,11.49,11.60,213900,2.85
1997-03-07,11.49,11.60,11.44,11.54,454000,2.83
1997-03-06,11.34,11.49,11.28,11.49,867500,2.82
1997-03-05,11.34,11.60,11.28,11.60,652100,2.85
1997-03-04,11.18,11.39,11.18,11.39,480700,2.80
1997-03-03,11.13,11.23,11.13,11.18,244200,2.75
1997-02-28,11.34,11.44,11.18,11.23,514600,2.76
1997-02-27,11.54,11.54,11.18,11.34,434800,2.78
1997-02-26,11.60,11.60,11.34,11.54,543700,2.83
1997-02-25,11.44,11.44,11.44,11.44,13700,2.81
1997-02-24,11.44,11.44,11.44,11.44,13700,2.81
1997-02-21,11.23,11.54,11.23,11.54,598500,2.83
1997-02-20,11.44,11.44,11.18,11.23,953100,2.76
1997-02-19,11.60,11.60,11.49,11.49,1270900,2.82
1997-02-18,11.55,11.65,11.44,11.65,986700,2.86
1997-02-14,11.44,11.70,11.28,11.60,2191500,2.85
1997-02-13,11.13,11.44,11.13,11.44,1988700,2.81
1997-02-12,10.92,11.08,10.87,11.02,860100,2.71
1997-02-11,10.92,10.92,10.87,10.92,273000,2.68
1997-02-10,11.02,11.08,10.82,10.87,1100200,2.67
1997-02-07,10.92,11.02,10.87,11.02,1187200,2.71
1997-02-06,10.87,10.97,10.82,10.97,746800,2.69
1997-02-05,11.02,11.08,10.87,10.92,668900,2.62
1997-02-04,10.87,11.08,10.87,11.02,468700,2.64
1997-02-03,10.92,11.02,10.87,10.87,1067500,2.61
1997-01-31,10.97,11.08,10.82,10.97,891500,2.63
1997-01-30,10.82,10.97,10.76,10.92,963900,2.62
1997-01-29,10.77,10.87,10.61,10.82,560000,2.60
1997-01-28,11.02,11.02,10.71,10.76,744200,2.58
1997-01-27,10.87,10.92,10.76,10.87,382200,2.61
1997-01-24,11.13,11.13,10.87,10.92,847300,2.62
1997-01-23,10.87,11.13,10.87,11.08,1681000,2.66
1997-01-22,10.82,10.92,10.76,10.87,941300,2.61
1997-01-21,10.61,10.87,10.50,10.82,1552100,2.60
1997-01-20,10.66,10.66,10.50,10.56,842500,2.53
1997-01-17,10.40,10.50,10.40,10.45,546800,2.51
1997-01-16,10.51,10.56,10.40,10.40,485000,2.50
1997-01-15,10.30,10.50,10.30,10.45,662000,2.51
1997-01-14,10.30,10.35,10.24,10.30,491300,2.47
1997-01-13,10.24,10.35,10.14,10.24,662200,2.46
1997-01-10,10.14,10.35,10.09,10.24,873300,2.46
1997-01-09,10.09,10.35,10.09,10.24,1840800,2.46
1997-01-08,10.24,10.24,10.09,10.19,308400,2.45
1997-01-07,10.24,10.24,10.09,10.19,424200,2.45
1997-01-06,10.09,10.30,10.04,10.24,668700,2.46
1997-01-03,10.03,10.09,9.98,10.04,414100,2.41
1997-01-02,10.19,10.19,9.98,9.98,606400,2.40
1996-12-31,10.14,10.24,10.14,10.14,463200,2.43
1996-12-30,10.19,10.66,10.09,10.14,537000,2.43
1996-12-27,10.24,10.30,10.19,10.24,153300,2.46
1996-12-26,10.24,10.30,10.19,10.30,457400,2.47
1996-12-24,10.19,10.24,10.19,10.19,135500,2.45
1996-12-23,10.24,10.35,10.19,10.24,483800,2.46
1996-12-20,10.30,10.30,10.19,10.24,645400,2.46
1996-12-19,10.19,10.30,10.09,10.30,456000,2.47
1996-12-18,9.98,10.09,9.98,10.09,373800,2.42
1996-12-17,9.88,10.09,9.88,9.98,615100,2.40
1996-12-16,9.93,10.09,9.88,9.88,630700,2.37
1996-12-13,9.93,10.04,9.88,9.98,217000,2.40
1996-12-12,10.09,10.19,9.98,10.04,278600,2.41
1996-12-11,10.14,10.14,9.93,10.09,385000,2.42
1996-12-10,10.14,10.24,10.14,10.24,288700,2.46
1996-12-09,10.30,10.40,10.14,10.19,468900,2.45
1996-12-06,10.04,10.24,10.04,10.19,363700,2.45
1996-12-05,10.30,10.35,10.19,10.24,479800,2.46
1996-12-04,10.24,10.24,10.09,10.14,374500,2.43
1996-12-03,10.35,10.35,10.24,10.24,382900,2.46
1996-12-02,10.35,10.40,10.30,10.40,157400,2.50
1996-11-29,10.24,10.40,10.24,10.40,143700,2.50
1996-11-27,10.51,10.56,10.30,10.35,388400,2.48
1996-11-26,10.66,10.66,10.40,10.45,587500,2.51
1996-11-25,10.61,10.66,10.50,10.61,506700,2.55
1996-11-22,10.35,10.61,10.35,10.61,828800,2.55
1996-11-21,10.14,10.56,10.14,10.35,1448000,2.48
1996-11-20,9.88,10.19,9.88,10.09,724700,2.42
1996-11-19,9.83,9.98,9.78,9.88,861000,2.37
1996-11-18,9.73,9.93,9.67,9.83,1044700,2.36
1996-11-15,9.78,9.78,9.52,9.62,1098800,2.31
1996-11-14,9.57,9.78,9.46,9.67,915100,2.32
1996-11-13,9.52,9.62,9.46,9.52,618500,2.28
1996-11-12,9.52,9.62,9.52,9.52,432600,2.28
1996-11-11,9.52,9.52,9.46,9.52,876900,2.28
1996-11-08,9.52,9.52,9.41,9.52,490800,2.28
1996-11-07,9.41,9.52,9.41,9.52,485800,2.28
1996-11-06,9.47,9.52,9.41,9.46,692000,2.27
1996-11-05,9.57,9.62,9.52,9.52,1138900,2.22
1996-11-04,9.15,9.41,9.10,9.31,546600,2.17
1996-11-01,9.36,9.41,9.15,9.15,664100,2.14
1996-10-31,9.52,9.57,9.31,9.41,1825900,2.20
1996-10-30,9.62,9.62,9.46,9.52,363400,2.22
1996-10-29,9.41,9.72,9.41,9.57,1293200,2.24
1996-10-28,9.52,9.52,9.36,9.41,916800,2.20
1996-10-25,9.52,9.62,9.41,9.52,1216500,2.22
1996-10-24,10.19,10.19,9.52,9.52,1032900,2.22
1996-10-23,10.19,10.24,10.14,10.24,234300,2.39
1996-10-22,10.40,10.40,10.04,10.19,430200,2.38
1996-10-21,10.51,10.56,10.35,10.45,360800,2.44
1996-10-18,10.45,10.61,10.45,10.50,654000,2.45
1996-10-17,10.40,10.50,10.35,10.45,501900,2.44
1996-10-16,10.19,10.40,10.19,10.40,582200,2.43
1996-10-15,10.35,10.40,10.19,10.19,1013700,2.38
1996-10-14,10.35,10.50,10.24,10.24,432600,2.39
1996-10-11,10.50,10.50,10.35,10.35,682200,2.42
1996-10-10,10.35,10.50,10.30,10.50,1712700,2.45
1996-10-09,10.03,10.09,9.93,10.09,930200,2.36
1996-10-08,9.83,10.04,9.83,10.04,398000,2.34
1996-10-07,9.83,10.09,9.83,9.83,602600,2.30
1996-10-04,9.78,9.98,9.78,9.88,623000,2.31
1996-10-03,9.52,9.78,9.52,9.72,723500,2.27
1996-10-02,9.41,9.57,9.36,9.52,734300,2.22
1996-10-01,9.52,9.57,9.36,9.36,712000,2.19
1996-09-30,9.62,9.67,9.57,9.57,904800,2.24
1996-09-27,9.78,9.83,9.62,9.62,1207600,2.25
1996-09-26,9.68,9.78,9.67,9.72,989900,2.27
1996-09-25,9.62,9.67,9.57,9.62,1482200,2.25
1996-09-24,9.62,9.62,9.52,9.57,435800,2.24
1996-09-23,9.62,9.62,9.52,9.62,509600,2.25
1996-09-20,9.62,9.67,9.57,9.67,370100,2.26
1996-09-19,9.57,9.62,9.52,9.62,422100,2.25
1996-09-18,9.47,9.62,9.46,9.57,387700,2.24
1996-09-17,9.46,9.57,9.46,9.46,670400,2.21
1996-09-16,9.68,9.72,9.57,9.62,1831900,2.25
1996-09-13,9.62,9.72,9.57,9.67,624200,2.26
1996-09-12,9.62,9.67,9.52,9.57,754000,2.24
1996-09-11,9.36,9.62,9.36,9.62,735800,2.25
1996-09-10,9.46,9.46,9.36,9.36,1441100,2.19
1996-09-09,9.47,9.52,9.31,9.41,474700,2.20
1996-09-06,9.20,9.57,9.15,9.46,1808600,2.21
1996-09-05,9.47,9.67,9.10,9.10,2177600,2.13
1996-09-04,9.93,9.98,9.52,9.57,998800,2.24
1996-09-03,9.78,10.04,9.78,9.93,684800,2.32
1996-08-30,9.83,9.88,9.78,9.83,423300,2.30
1996-08-29,9.88,9.88,9.78,9.88,623800,2.31
1996-08-28,9.98,9.98,9.83,9.93,768200,2.32
1996-08-27,9.98,10.09,9.93,9.93,671300,2.32
1996-08-26,10.19,10.24,10.09,10.14,569900,2.37
1996-08-23,10.40,10.40,10.14,10.24,595600,2.39
1996-08-22,10.40,10.40,10.30,10.35,709800,2.42
1996-08-21,10.56,10.61,10.35,10.40,1402600,2.43
1996-08-20,10.61,10.71,10.61,10.61,387500,2.48
1996-08-19,10.71,10.71,10.50,10.56,1287500,2.47
1996-08-16,10.82,10.97,10.71,10.76,921400,2.51
1996-08-15,10.77,10.82,10.71,10.76,1447600,2.51
1996-08-14,10.72,10.82,10.66,10.71,838900,2.50
1996-08-13,10.72,10.76,10.66,10.71,1073500,2.50
1996-08-12,10.72,10.76,10.66,10.76,338700,2.51
1996-08-09,10.82,10.82,10.71,10.76,570600,2.51
1996-08-08,10.66,10.82,10.66,10.76,347500,2.51
1996-08-07,10.61,10.71,10.50,10.71,1461300,2.50
1996-08-06,10.71,10.71,10.66,10.66,678600,2.43
1996-08-05,10.71,10.71,10.61,10.71,550400,2.44
1996-08-02,10.82,10.82,10.71,10.71,1442700,2.44
1996-08-01,10.72,10.82,10.71,10.71,765100,2.44
1996-07-31,10.77,10.82,10.76,10.76,381000,2.46
1996-07-30,10.82,10.82,10.66,10.76,502100,2.46
1996-07-29,10.87,10.97,10.76,10.76,740800,2.46
1996-07-26,10.92,10.97,10.76,10.82,116100,2.47
1996-07-25,10.97,10.97,10.76,10.92,785300,2.49
1996-07-24,11.02,11.08,10.76,10.92,1223500,2.49
1996-07-23,11.23,11.23,11.23,11.23,000,2.56
1996-07-22,11.44,11.44,11.18,11.39,490800,2.60
1996-07-19,11.60,11.65,11.54,11.54,239900,2.63
1996-07-18,11.60,11.75,11.54,11.70,601600,2.67
1996-07-17,11.70,11.75,11.60,11.65,1086700,2.66
1996-07-16,12.11,12.12,11.34,11.70,903600,2.67
1996-07-15,12.27,12.27,11.96,12.12,335300,2.76
1996-07-12,12.32,12.43,12.22,12.32,182200,2.81
1996-07-11,12.43,12.48,12.17,12.32,430200,2.81
1996-07-10,12.48,12.53,12.32,12.43,320900,2.84
1996-07-09,12.48,12.53,12.43,12.48,411700,2.85
1996-07-08,12.22,12.48,12.22,12.48,642000,2.85
1996-07-05,12.27,12.32,12.22,12.27,179300,2.80
1996-07-03,12.48,12.48,12.38,12.43,436000,2.84
1996-07-02,12.38,12.48,12.38,12.48,206200,2.85
1996-07-01,12.64,12.64,12.32,12.43,407600,2.84
1996-06-28,12.27,12.64,12.22,12.64,492700,2.88
1996-06-27,12.17,12.27,12.17,12.27,291300,2.80
1996-06-26,12.27,12.32,12.17,12.17,157900,2.78
1996-06-25,12.32,12.43,12.17,12.22,222800,2.79
1996-06-24,12.22,12.38,12.22,12.22,314900,2.79
1996-06-21,12.11,12.27,12.06,12.12,423500,2.76
1996-06-20,11.86,12.12,11.86,12.06,446800,2.75
1996-06-19,12.01,12.06,11.80,11.86,313400,2.70
1996-06-18,12.01,12.06,11.91,11.96,251200,2.73
1996-06-17,11.96,12.22,11.91,12.01,289100,2.74
1996-06-14,12.01,12.06,11.96,12.01,293200,2.74
1996-06-13,12.22,12.22,11.96,12.06,347500,2.75
1996-06-12,12.27,12.32,12.22,12.22,136700,2.79
1996-06-11,12.27,12.32,12.17,12.27,304500,2.80
1996-06-10,12.48,12.48,12.22,12.27,398000,2.80
1996-06-07,12.32,12.48,12.27,12.48,365800,2.85
1996-06-06,12.74,12.74,12.38,12.48,300400,2.85
1996-06-05,12.69,12.69,12.58,12.69,425000,2.89
1996-06-04,12.69,12.79,12.69,12.74,452600,2.91
1996-06-03,12.69,12.79,12.53,12.69,509800,2.89
1996-05-31,12.74,12.79,12.64,12.74,287000,2.91
1996-05-30,12.69,12.79,12.69,12.69,414400,2.89
1996-05-29,12.85,12.95,12.64,12.74,334800,2.91
1996-05-28,13.00,13.10,12.95,13.00,614400,2.97
1996-05-24,13.16,13.26,13.16,13.16,354500,3.00
1996-05-23,13.26,13.31,12.79,13.05,736000,2.98
1996-05-22,13.10,13.52,13.10,13.42,358800,3.06
1996-05-21,13.31,13.31,13.05,13.21,236500,3.01
1996-05-20,13.10,13.36,12.95,13.36,502600,3.05
1996-05-17,13.05,13.31,13.05,13.31,510500,3.04
1996-05-16,13.37,13.47,13.10,13.10,1542700,2.99
1996-05-15,13.21,13.57,13.21,13.52,1033900,3.08
1996-05-14,13.21,13.26,13.05,13.26,571600,3.03
1996-05-13,13.00,13.21,12.95,13.21,591500,3.01
1996-05-10,12.95,13.00,12.79,13.00,278100,2.97
1996-05-09,12.85,13.00,12.84,12.90,615800,2.94
1996-05-08,12.59,12.84,12.43,12.84,783100,2.93
1996-05-07,12.80,12.84,12.74,12.79,893000,2.86
1996-05-06,12.69,12.84,12.64,12.84,479500,2.87
1996-05-03,12.64,12.69,12.58,12.69,716300,2.84
1996-05-02,12.69,12.79,12.64,12.69,295900,2.84
1996-05-01,12.90,12.95,12.74,12.79,721800,2.86
1996-04-30,12.90,12.95,12.90,12.90,353300,2.88
1996-04-29,12.80,13.05,12.74,12.95,1226200,2.90
1996-04-26,12.80,12.90,12.74,12.79,737500,2.86
1996-04-25,12.84,12.84,12.79,12.79,1319700,2.86
1996-04-24,12.80,13.05,12.79,12.95,1376200,2.90
1996-04-23,12.59,12.74,12.53,12.74,1437700,2.85
1996-04-22,12.48,12.69,12.48,12.64,961500,2.83
1996-04-19,12.38,12.53,12.32,12.48,1030700,2.79
1996-04-18,12.27,12.32,12.12,12.22,701400,2.73
1996-04-17,12.32,12.43,12.32,12.38,766800,2.77
1996-04-16,12.32,12.43,12.27,12.38,469400,2.77
1996-04-15,12.12,12.43,12.12,12.38,974000,2.77
1996-04-12,12.01,12.22,11.96,12.17,742700,2.72
1996-04-11,11.91,12.12,11.86,12.01,772300,2.69
1996-04-10,11.81,12.01,11.80,11.96,1461000,2.68
1996-04-09,11.76,11.86,11.65,11.86,939100,2.65
1996-04-08,11.81,11.86,11.65,11.75,468500,2.63
1996-04-04,11.91,12.01,11.91,11.96,611700,2.68
1996-04-03,11.70,11.91,11.54,11.86,991800,2.65
1996-04-02,12.06,12.12,11.70,11.70,706200,2.62
1996-04-01,12.06,12.12,12.01,12.06,284100,2.70
1996-03-29,12.01,12.12,11.96,12.01,211500,2.69
1996-03-28,11.96,12.06,11.91,12.01,473800,2.69
1996-03-27,12.01,12.01,11.91,11.96,261500,2.68
1996-03-26,11.96,12.12,11.91,12.01,254000,2.69
1996-03-25,11.86,12.01,11.86,11.91,440100,2.66
1996-03-22,11.91,11.91,11.75,11.75,258800,2.63
1996-03-21,11.96,12.06,11.91,11.96,387700,2.68
1996-03-20,11.86,12.06,11.80,12.06,413200,2.70
1996-03-19,12.17,12.27,12.12,12.22,317000,2.73
1996-03-18,12.12,12.32,12.12,12.27,618700,2.75
1996-03-15,12.27,12.38,12.12,12.12,471600,2.71
1996-03-14,12.22,12.43,12.22,12.32,481900,2.76
1996-03-13,11.81,12.43,11.75,12.06,916100,2.70
1996-03-12,11.91,12.01,11.54,11.70,425400,2.62
1996-03-11,11.55,11.96,11.54,11.91,643000,2.66
1996-03-08,11.86,11.86,11.39,11.44,656400,2.56
1996-03-07,12.06,12.22,11.91,11.96,723500,2.68
1996-03-06,11.91,12.12,11.91,12.01,457900,2.69
1996-03-05,11.86,12.06,11.80,12.06,312500,2.70
1996-03-04,11.91,11.91,11.91,11.91,000,2.66
1996-03-01,12.06,12.12,11.96,12.01,550700,2.69
1996-02-29,12.06,12.22,12.06,12.12,230700,2.71
1996-02-28,12.22,12.32,12.06,12.06,568500,2.70
1996-02-27,12.17,12.27,12.12,12.17,546300,2.72
1996-02-26,12.43,12.53,12.17,12.17,672600,2.72
1996-02-23,12.53,12.58,12.27,12.43,1370200,2.78
1996-02-22,12.27,12.48,12.22,12.38,1293700,2.77
1996-02-21,11.91,12.32,11.91,12.27,756000,2.75
1996-02-20,11.91,12.01,11.80,11.96,000,2.68
1996-02-16,12.06,12.06,11.54,12.01,435000,2.69
1996-02-15,12.01,12.12,11.91,12.06,704800,2.70
1996-02-14,12.01,12.01,11.86,11.91,435500,2.66
1996-02-13,11.81,12.01,11.80,11.96,480500,2.68
1996-02-12,11.65,11.75,11.65,11.65,111200,2.61
1996-02-09,11.65,12.01,11.54,11.60,1153600,2.59
1996-02-08,11.49,11.70,11.39,11.70,1025700,2.62
1996-02-07,11.60,11.65,11.49,11.54,1025400,2.58
1996-02-06,11.65,11.75,11.65,11.75,625900,2.57
1996-02-05,11.65,11.75,11.60,11.65,527600,2.55
1996-02-02,11.55,11.70,11.54,11.65,684100,2.55
1996-02-01,11.39,11.54,11.23,11.54,801200,2.53
1996-01-31,11.18,11.44,11.18,11.34,548000,2.48
1996-01-30,11.34,11.34,11.23,11.34,365100,2.48
1996-01-29,11.23,11.49,11.23,11.39,403100,2.49
1996-01-26,11.18,11.39,11.08,11.28,759300,2.47
1996-01-25,11.02,11.18,11.02,11.18,394200,2.45
1996-01-24,11.18,11.18,11.02,11.08,356400,2.42
1996-01-23,10.92,11.08,10.87,10.97,1444200,2.40
1996-01-22,10.66,10.92,10.61,10.82,877100,2.37
1996-01-19,10.82,10.82,10.56,10.66,1411500,2.33
1996-01-18,11.02,11.02,10.71,10.92,925000,2.39
1996-01-17,10.97,11.02,10.82,11.02,351400,2.41
1996-01-16,11.02,11.02,10.92,10.97,531700,2.40
1996-01-15,11.13,11.18,11.02,11.08,161200,2.42
1996-01-12,11.13,11.18,11.02,11.13,207900,2.44
1996-01-11,11.23,11.23,10.97,11.18,693000,2.45
1996-01-10,11.44,11.54,11.18,11.23,481900,2.46
1996-01-09,11.65,11.65,11.34,11.44,326400,2.50
1996-01-08,11.60,11.65,11.54,11.65,88400,2.55
1996-01-05,11.44,11.49,11.34,11.49,972300,2.52
1996-01-04,11.13,11.34,11.13,11.28,487200,2.47
1996-01-03,11.44,11.49,11.18,11.18,1062000,2.45
1996-01-02,11.39,11.49,11.34,11.44,416500,2.50
1995-12-29,11.23,11.39,11.18,11.39,492500,2.49
1995-12-28,11.13,11.23,11.08,11.18,365600,2.45
1995-12-27,11.02,11.13,10.97,11.13,423300,2.44
1995-12-26,11.02,11.08,10.97,11.08,291500,2.42
1995-12-22,11.02,11.02,10.97,11.02,384600,2.41
1995-12-21,11.02,11.08,10.97,11.02,595900,2.41
1995-12-20,10.97,11.13,10.87,10.97,395600,2.40
1995-12-19,11.02,11.18,10.87,10.92,550000,2.39
1995-12-18,11.02,11.18,10.87,11.08,522800,2.42
1995-12-15,11.34,11.34,11.18,11.18,884600,2.45
1995-12-14,11.55,11.60,11.23,11.34,718700,2.48
1995-12-13,11.39,11.54,11.34,11.54,424700,2.53
1995-12-12,11.44,11.44,11.39,11.39,268900,2.49
1995-12-11,11.28,11.65,11.18,11.49,664600,2.52
1995-12-08,11.34,11.39,11.23,11.28,501900,2.47
1995-12-07,11.39,11.39,11.28,11.34,160800,2.48
1995-12-06,11.39,11.44,11.28,11.39,370600,2.49
1995-12-05,11.76,11.80,11.39,11.44,400700,2.50
1995-12-04,11.34,11.80,11.34,11.70,415800,2.56
1995-12-01,11.60,11.65,11.49,11.60,321600,2.54
1995-11-30,11.60,11.65,11.49,11.54,481900,2.53
1995-11-29,11.65,11.70,11.60,11.65,280200,2.55
1995-11-28,11.49,11.70,11.39,11.65,976900,2.55
1995-11-27,12.01,12.12,11.54,11.60,1225700,2.54
1995-11-24,12.01,12.06,11.96,12.06,66500,2.64
1995-11-22,12.17,12.17,12.01,12.06,199700,2.64
1995-11-21,12.01,12.17,11.96,12.17,188900,2.66
1995-11-20,12.01,12.17,11.96,12.17,254800,2.66
1995-11-17,11.96,12.12,11.96,12.06,394700,2.64
1995-11-16,11.96,12.01,11.91,11.96,280700,2.62
1995-11-15,11.96,12.01,11.86,11.96,543000,2.62
1995-11-14,11.81,11.96,11.75,11.91,455000,2.61
1995-11-13,11.91,11.91,11.80,11.91,197800,2.61
1995-11-10,11.86,12.01,11.86,11.96,337500,2.62
1995-11-09,11.96,11.96,11.86,11.96,348000,2.62
1995-11-08,12.01,12.06,11.91,11.96,939600,2.62
1995-11-07,12.01,12.17,11.96,12.12,401200,2.65
1995-11-06,12.01,12.38,11.91,11.96,732600,2.56
1995-11-03,12.01,12.12,11.86,12.06,638700,2.59
1995-11-02,11.91,12.01,11.80,11.96,643000,2.56
1995-11-01,11.96,11.96,11.80,11.91,691100,2.55
1995-10-31,11.81,11.96,11.80,11.91,872800,2.55
1995-10-30,11.91,11.91,11.75,11.75,458100,2.52
1995-10-27,11.65,11.70,11.54,11.70,596100,2.51
1995-10-26,11.65,11.80,11.60,11.60,1114600,2.49
1995-10-25,11.44,11.65,11.44,11.65,777800,2.50
1995-10-24,11.23,11.44,11.23,11.44,1050000,2.45
1995-10-23,11.23,11.34,11.23,11.28,571800,2.42
1995-10-20,11.13,11.28,11.08,11.28,1980000,2.42
1995-10-19,11.54,11.54,10.97,11.08,1687500,2.37
1995-10-18,10.61,10.66,10.61,10.61,382400,2.27
1995-10-17,10.61,10.71,10.61,10.61,547800,2.27
1995-10-16,10.56,10.66,10.40,10.61,496300,2.27
1995-10-13,10.45,10.66,10.40,10.50,743900,2.25
1995-10-12,10.45,10.50,10.30,10.45,534800,2.24
1995-10-11,10.61,10.66,10.50,10.56,779300,2.26
1995-10-10,10.56,10.66,10.56,10.66,353300,2.29
1995-10-09,10.72,10.76,10.61,10.61,629000,2.27
1995-10-06,10.72,10.76,10.66,10.71,454300,2.30
1995-10-05,10.72,10.76,10.66,10.66,493900,2.29
1995-10-04,10.72,10.87,10.66,10.66,592000,2.29
1995-10-03,10.61,10.71,10.56,10.71,363400,2.30
1995-10-02,10.66,10.66,10.45,10.56,657900,2.26
1995-09-29,10.87,10.87,10.71,10.71,529800,2.30
1995-09-28,10.97,10.97,10.82,10.87,436700,2.33
1995-09-27,11.02,11.13,10.92,10.97,1006900,2.35
1995-09-26,11.02,11.18,11.02,11.02,430500,2.36
1995-09-25,10.92,11.08,10.92,11.08,331400,2.37
1995-09-22,10.77,10.97,10.71,10.92,661700,2.34
1995-09-21,11.18,11.18,10.92,10.92,515600,2.34
1995-09-20,11.23,11.28,11.13,11.13,312200,2.39
1995-09-19,11.28,11.39,11.13,11.28,455700,2.42
1995-09-18,11.28,11.39,11.18,11.23,471800,2.41
1995-09-15,11.54,11.54,11.34,11.39,579800,2.44
1995-09-14,11.39,11.49,11.28,11.49,211000,2.46
1995-09-13,11.28,11.44,11.23,11.34,209800,2.43
1995-09-12,11.23,11.34,11.18,11.23,474000,2.41
1995-09-11,11.28,11.28,11.18,11.18,372500,2.40
1995-09-08,11.28,11.34,11.18,11.28,313200,2.42
1995-09-07,11.28,11.34,11.18,11.34,846600,2.43
1995-09-06,11.23,11.34,11.18,11.34,449000,2.43
1995-09-05,11.23,11.39,11.18,11.23,1528800,2.41
1995-09-01,11.13,11.28,11.08,11.18,883400,2.40
1995-08-31,11.13,11.18,11.08,11.08,668700,2.37
1995-08-30,11.23,11.28,11.08,11.18,690100,2.40
1995-08-29,11.23,11.28,11.18,11.23,317000,2.41
1995-08-28,11.28,11.34,11.18,11.23,370100,2.41
1995-08-25,11.23,11.39,11.23,11.28,451200,2.42
1995-08-24,11.18,11.34,11.18,11.18,764400,2.40
1995-08-23,11.23,11.28,11.13,11.13,330500,2.39
1995-08-22,11.18,11.28,11.18,11.23,640100,2.41
1995-08-21,11.23,11.34,11.18,11.23,817500,2.41
1995-08-18,11.23,11.39,11.13,11.23,1085800,2.41
1995-08-17,11.18,11.23,11.02,11.23,883600,2.41
1995-08-16,11.28,11.34,11.02,11.23,806400,2.41
1995-08-15,11.28,11.39,11.23,11.28,1150000,2.42
1995-08-14,11.23,11.44,11.18,11.34,906400,2.43
1995-08-11,11.55,11.60,11.34,11.39,539600,2.44
1995-08-10,11.81,12.01,11.60,11.65,729300,2.50
1995-08-09,11.86,11.91,11.75,11.86,400700,2.54
1995-08-08,12.01,12.12,11.80,11.86,464100,2.54
1995-08-07,12.11,12.22,12.06,12.17,394700,2.55
1995-08-04,12.17,12.17,11.96,12.12,479800,2.54
1995-08-03,12.11,12.22,11.86,12.17,772800,2.55
1995-08-02,12.12,12.22,12.12,12.17,202800,2.55
1995-08-01,12.22,12.22,12.06,12.12,431700,2.54
1995-07-31,12.22,12.38,12.17,12.22,876200,2.57
1995-07-28,12.32,12.32,12.06,12.27,807200,2.58
1995-07-27,12.01,12.32,12.01,12.32,787900,2.59
1995-07-26,11.76,12.01,11.75,11.96,644200,2.51
1995-07-25,11.76,11.86,11.70,11.75,2320900,2.47
1995-07-24,11.91,11.96,11.80,11.91,8284400,2.50
1995-07-21,11.91,12.12,11.86,11.91,2111500,2.50
1995-07-20,11.76,11.91,11.70,11.91,533800,2.50
1995-07-19,11.65,11.70,11.65,11.65,878800,2.45
1995-07-18,11.70,11.70,11.60,11.70,1455700,2.46
1995-07-17,11.55,11.75,11.54,11.70,840800,2.46
1995-07-14,11.55,11.60,11.49,11.54,622600,2.42
1995-07-13,11.49,11.60,11.44,11.54,3182900,2.42
1995-07-12,11.55,11.60,11.49,11.49,924200,2.41
1995-07-11,11.60,11.60,11.54,11.54,913900,2.42
1995-07-10,11.55,11.60,11.49,11.54,656000,2.42
1995-07-07,11.28,11.65,11.28,11.54,1166800,2.42
1995-07-06,11.34,11.39,11.18,11.34,1684300,2.38
1995-07-05,11.44,11.44,11.34,11.34,1434600,2.38
1995-07-03,11.44,11.44,11.39,11.44,128600,2.40
1995-06-30,11.44,11.44,11.34,11.39,519900,2.39
1995-06-29,11.44,11.49,11.39,11.39,482900,2.39
1995-06-28,11.49,11.54,11.39,11.44,798800,2.40
1995-06-27,11.34,11.54,11.34,11.39,1416800,2.39
1995-06-26,11.34,11.44,11.34,11.34,772600,2.38
1995-06-23,11.49,11.49,11.34,11.39,859300,2.39
1995-06-22,11.49,11.60,11.44,11.49,631700,2.41
1995-06-21,11.55,11.60,11.44,11.49,576600,2.41
1995-06-20,11.49,11.65,11.49,11.54,1687500,2.42
1995-06-19,11.60,11.60,11.44,11.54,2255300,2.42
1995-06-16,11.75,11.75,11.60,11.65,2255000,2.45
1995-06-15,11.76,11.80,11.65,11.70,1278800,2.46
1995-06-14,12.06,12.12,11.60,11.70,4580500,2.46
1995-06-13,12.90,12.90,11.70,12.01,5565400,2.52
1995-06-12,13.05,13.05,12.74,13.00,421100,2.73
1995-06-09,13.10,13.16,12.95,12.95,177800,2.72
1995-06-08,13.15,13.21,13.05,13.10,259800,2.75
1995-06-07,13.15,13.26,13.00,13.05,1220100,2.74
1995-06-06,13.26,13.26,13.10,13.21,310300,2.77
1995-06-05,13.00,13.21,12.95,13.21,883600,2.77
1995-06-02,12.90,13.05,12.79,12.95,461700,2.72
1995-06-01,13.26,13.26,13.00,13.05,459100,2.74
1995-05-31,13.10,13.10,13.00,13.10,637500,2.75
1995-05-30,13.10,13.26,13.05,13.10,447100,2.75
1995-05-26,13.26,13.26,12.95,13.05,1331400,2.74
1995-05-25,13.62,13.62,13.31,13.36,852400,2.81
1995-05-24,13.47,13.68,13.31,13.68,1555500,2.87
1995-05-23,13.21,13.31,13.21,13.31,368200,2.79
1995-05-22,13.15,13.21,13.10,13.16,322300,2.76
1995-05-19,13.10,13.21,13.10,13.16,961300,2.76
1995-05-18,13.21,13.42,13.16,13.21,536700,2.77
1995-05-17,13.26,13.26,13.16,13.21,349500,2.77
1995-05-16,13.15,13.36,13.10,13.31,1178800,2.79
1995-05-15,13.21,13.26,13.10,13.10,576600,2.75
1995-05-12,13.00,13.21,13.00,13.16,622300,2.76
1995-05-11,12.95,13.05,12.90,13.00,593500,2.73
1995-05-10,12.85,12.90,12.79,12.90,351600,2.71
1995-05-09,12.85,12.90,12.84,12.84,1018200,2.70
1995-05-08,12.69,12.84,12.64,12.79,389600,2.59
1995-05-05,12.69,12.74,12.58,12.58,406700,2.55
1995-05-04,12.64,12.84,12.58,12.64,1002600,2.56
1995-05-03,12.85,12.90,12.74,12.79,564400,2.59
1995-05-02,13.05,13.05,12.84,12.84,707900,2.60
1995-05-01,12.59,13.36,12.58,13.31,1928800,2.70
1995-04-28,12.64,12.64,12.38,12.53,1533400,2.54
1995-04-27,12.48,12.69,12.48,12.64,1982400,2.56
1995-04-26,12.48,12.58,12.43,12.48,1454500,2.53
1995-04-25,12.48,12.58,12.43,12.48,1735500,2.53
1995-04-24,12.53,12.58,12.27,12.48,1688400,2.53
1995-04-21,11.96,12.64,11.91,12.53,2435300,2.54
1995-04-20,11.44,11.75,11.44,11.70,942000,2.37
1995-04-19,11.65,11.70,11.54,11.65,628100,2.36
1995-04-18,11.65,11.70,11.54,11.65,357400,2.36
1995-04-17,11.70,11.70,11.60,11.65,285300,2.36
1995-04-13,11.60,11.70,11.54,11.70,418500,2.37
1995-04-12,11.60,11.65,11.54,11.60,201600,2.35
1995-04-11,11.60,11.65,11.49,11.54,206400,2.34
1995-04-10,11.70,11.70,11.54,11.65,334300,2.36
1995-04-07,11.60,11.75,11.60,11.70,287700,2.37
1995-04-06,11.86,11.86,11.54,11.60,779300,2.35
1995-04-05,11.91,11.96,11.80,11.86,718700,2.40
1995-04-04,11.86,11.91,11.75,11.91,801900,2.41
1995-04-03,11.86,11.86,11.70,11.80,1265800,2.39
1995-03-31,11.96,12.01,11.75,11.86,1030500,2.40
1995-03-30,11.96,12.12,11.86,12.06,896300,2.44
1995-03-29,11.96,12.06,11.91,11.91,183100,2.41
1995-03-28,12.11,12.12,11.96,12.01,510000,2.43
1995-03-27,12.11,12.22,11.96,12.06,449000,2.44
1995-03-24,11.96,12.12,11.91,12.12,485000,2.45
1995-03-23,11.76,11.96,11.75,11.96,447500,2.42
1995-03-22,11.60,11.91,11.54,11.86,725200,2.40
1995-03-21,11.34,11.75,11.28,11.60,407200,2.35
1995-03-20,11.44,11.44,11.28,11.34,460800,2.30
1995-03-17,11.55,11.60,11.44,11.44,625900,2.32
1995-03-16,11.55,11.60,11.49,11.49,412900,2.33
1995-03-15,11.70,11.75,11.49,11.54,660100,2.34
1995-03-14,11.80,11.80,11.70,11.70,207200,2.37
1995-03-13,11.81,11.86,11.75,11.80,433800,2.39
1995-03-10,11.76,11.80,11.54,11.75,507600,2.38
1995-03-09,11.96,11.96,11.49,11.65,847300,2.36
1995-03-08,12.17,12.22,11.91,11.96,2306700,2.42
1995-03-07,12.22,12.27,12.17,12.17,518000,2.46
1995-03-06,12.22,12.27,12.17,12.27,496100,2.49
1995-03-03,12.22,12.27,12.22,12.22,135000,2.48
1995-03-02,12.22,12.27,12.17,12.22,306400,2.48
1995-03-01,12.12,12.27,12.12,12.22,387500,2.48
1995-02-28,12.01,12.17,12.01,12.12,250000,2.45
1995-02-27,12.11,12.12,11.86,12.06,451200,2.44
1995-02-24,12.22,12.22,11.96,12.06,908100,2.44
1995-02-23,12.27,12.32,12.17,12.22,328600,2.48
1995-02-22,12.22,12.27,12.17,12.27,261700,2.49
1995-02-21,12.17,12.22,12.12,12.17,349000,2.46
1995-02-17,12.17,12.19,12.12,12.17,439400,2.46
1995-02-16,12.17,12.22,12.06,12.17,294700,2.46
1995-02-15,12.17,12.27,12.12,12.17,307900,2.46
1995-02-14,12.17,12.22,12.06,12.17,289400,2.46
1995-02-13,12.12,12.22,12.12,12.17,158100,2.46
1995-02-10,12.17,12.22,12.06,12.17,345600,2.46
1995-02-09,12.17,12.22,12.12,12.12,144700,2.45
1995-02-08,12.12,12.27,12.12,12.17,356400,2.46
1995-02-07,12.17,12.22,12.06,12.12,332900,2.45
1995-02-06,12.27,12.27,12.17,12.27,625400,2.39
1995-02-03,12.22,12.27,12.12,12.27,584100,2.39
1995-02-02,12.17,12.17,12.06,12.12,649000,2.36
1995-02-01,12.17,12.17,12.06,12.12,381000,2.36
1995-01-31,12.06,12.17,12.06,12.12,558600,2.36
1995-01-30,12.01,12.17,11.96,12.06,252800,2.35
1995-01-27,12.11,12.27,11.86,11.96,237700,2.33
1995-01-26,12.11,12.12,11.96,11.96,137700,2.33
1995-01-25,12.17,12.22,11.96,12.12,300400,2.36
1995-01-24,12.22,12.27,12.06,12.12,327100,2.36
1995-01-23,12.06,12.32,12.06,12.22,793000,2.38
1995-01-20,12.06,12.32,12.01,12.17,756000,2.37
1995-01-19,12.01,12.12,11.96,12.06,517500,2.35
1995-01-18,12.22,12.27,12.17,12.17,936700,2.37
1995-01-17,12.32,12.38,12.22,12.22,699200,2.38
1995-01-16,12.38,12.38,12.32,12.38,452100,2.41
1995-01-13,12.32,12.38,12.22,12.27,639100,2.39
1995-01-12,12.32,12.32,12.17,12.17,375400,2.37
1995-01-11,12.43,12.43,12.27,12.32,362200,2.40
1995-01-10,12.43,12.43,12.32,12.38,710800,2.41
1995-01-09,12.38,12.48,12.32,12.43,363400,2.43
1995-01-06,12.43,12.48,12.32,12.32,647800,2.40
1995-01-05,12.22,12.58,12.22,12.43,1125000,2.43
1995-01-04,11.96,12.22,11.91,12.22,381700,2.38
1995-01-03,12.01,12.01,11.91,11.96,697100,2.33
1994-12-30,12.01,12.06,11.96,11.96,316100,2.33
1994-12-29,12.01,12.06,11.96,11.96,259100,2.33
1994-12-28,12.06,12.06,11.96,11.96,380200,2.33
1994-12-27,11.96,12.01,11.91,11.96,164900,2.33
1994-12-23,11.91,11.96,11.91,11.91,299000,2.32
1994-12-22,11.86,11.91,11.75,11.91,399500,2.32
1994-12-21,11.81,11.86,11.75,11.80,396600,2.30
1994-12-20,11.70,11.80,11.70,11.75,506400,2.29
1994-12-19,11.49,11.70,11.44,11.65,750400,2.27
1994-12-16,11.60,11.60,11.39,11.54,1168700,2.25
1994-12-15,11.49,11.60,11.49,11.49,293000,2.24
1994-12-14,11.55,11.65,11.44,11.44,689100,2.23
1994-12-13,11.39,11.75,11.39,11.60,690800,2.26
1994-12-12,11.34,11.49,11.28,11.39,318700,2.22
1994-12-09,11.39,11.39,11.23,11.34,638200,2.21
1994-12-08,11.39,11.44,11.34,11.39,886700,2.22
1994-12-07,11.02,11.34,10.97,11.34,1151200,2.21
1994-12-06,11.07,11.08,10.97,11.08,1166500,2.16
1994-12-05,11.23,11.28,11.08,11.08,3409300,2.16
1994-12-02,11.65,11.65,11.34,11.44,2304800,2.23
1994-12-01,12.11,12.12,11.96,12.12,498300,2.36
1994-11-30,11.81,12.17,11.80,12.12,800400,2.36
1994-11-29,11.80,11.80,11.70,11.75,669200,2.29
1994-11-28,11.70,11.80,11.70,11.75,958900,2.29
1994-11-25,11.70,11.70,11.65,11.70,465600,2.28
1994-11-23,11.60,12.12,11.60,11.65,5689600,2.27
1994-11-22,12.01,12.06,11.91,11.91,811700,2.32
1994-11-21,12.27,12.32,12.06,12.12,576600,2.36
1994-11-18,12.48,12.48,12.22,12.22,983600,2.38
1994-11-17,12.48,12.58,12.32,12.43,180700,2.43
1994-11-16,12.48,12.69,12.48,12.48,472800,2.44
1994-11-15,12.59,12.64,12.48,12.53,319900,2.45
1994-11-14,12.53,12.64,12.48,12.53,302600,2.45
1994-11-11,12.38,12.53,12.32,12.48,257400,2.44
1994-11-10,12.38,12.43,12.32,12.43,399500,2.43
1994-11-09,12.74,12.79,12.32,12.43,1404300,2.43
1994-11-08,12.53,12.74,12.53,12.58,380200,2.46
1994-11-07,12.48,12.64,12.32,12.58,514600,2.46
1994-11-04,12.90,12.90,12.22,12.48,551400,2.44
1994-11-03,13.21,13.21,13.00,13.16,1328600,2.48
1994-11-02,13.05,13.42,13.05,13.10,297800,2.47
1994-11-01,13.31,13.31,12.95,13.05,428600,2.46
1994-10-31,13.31,13.52,13.31,13.36,365600,2.52
1994-10-28,13.31,13.47,13.26,13.31,570900,2.51
1994-10-27,13.26,13.26,13.10,13.26,234300,2.50
1994-10-26,13.00,13.21,13.00,13.00,332600,2.45
1994-10-25,13.16,13.26,12.84,13.16,631000,2.48
1994-10-24,13.00,13.21,13.00,13.00,930000,2.45
1994-10-21,13.16,13.36,13.10,13.16,1101200,2.48
1994-10-20,12.79,12.90,12.64,12.79,1058400,2.41
1994-10-19,12.64,12.69,12.48,12.64,1112200,2.38
1994-10-18,12.58,12.79,12.58,12.58,371600,2.37
1994-10-17,12.74,12.84,12.64,12.74,666500,2.40
1994-10-14,12.64,12.69,12.53,12.64,625000,2.38
1994-10-13,12.64,12.69,12.53,12.64,583400,2.38
1994-10-12,12.58,12.74,12.48,12.58,361500,2.37
1994-10-11,12.64,12.90,12.53,12.64,531400,2.38
1994-10-10,12.64,12.90,12.53,12.64,434600,2.38
1994-10-07,12.79,13.05,12.48,12.79,1441800,2.41
1994-10-06,12.53,12.58,12.01,12.53,1488700,2.36
1994-10-05,11.80,11.86,11.70,11.80,441300,2.22
1994-10-04,11.86,12.06,11.75,11.86,547300,2.23
1994-10-03,12.01,12.06,11.75,12.01,453600,2.26
1994-09-30,11.96,11.96,11.65,11.96,442500,2.25
1994-09-29,11.80,12.01,11.80,11.80,408800,2.22
1994-09-28,12.01,12.17,11.91,12.01,458400,2.26
1994-09-27,11.96,11.96,11.75,11.96,581200,2.25
1994-09-26,11.70,11.70,11.54,11.70,529500,2.20
1994-09-23,11.54,11.80,11.54,11.54,581700,2.18
1994-09-22,11.70,11.96,11.70,11.70,448300,2.20
1994-09-21,11.65,11.80,11.49,11.65,412700,2.20
1994-09-20,11.60,11.75,11.49,11.60,488900,2.19
1994-09-19,11.60,11.65,11.39,11.60,546300,2.19
1994-09-16,11.44,11.54,11.39,11.44,834300,2.16
1994-09-15,11.54,11.54,11.34,11.54,393700,2.18
1994-09-14,11.28,11.28,11.18,11.28,304800,2.13
1994-09-13,11.23,11.28,11.18,11.23,405200,2.12
1994-09-12,11.23,11.28,11.13,11.23,393000,2.12
1994-09-09,11.18,11.23,11.13,11.18,356200,2.11
1994-09-08,11.18,11.34,11.18,11.18,396600,2.11
1994-09-07,11.34,11.34,11.18,11.34,545400,2.14
1994-09-06,11.23,11.28,11.13,11.23,421300,2.12
1994-09-02,11.23,11.39,11.23,11.23,527100,2.12
1994-09-01,11.39,11.54,11.34,11.39,699500,2.15
1994-08-31,11.60,11.60,11.44,11.60,368200,2.19
1994-08-30,11.39,11.44,11.28,11.39,350700,2.15
1994-08-29,11.28,11.60,11.28,11.28,382900,2.13
1994-08-26,11.60,11.60,11.39,11.60,300400,2.19
1994-08-25,11.44,11.49,11.34,11.44,395100,2.16
1994-08-24,11.49,11.65,11.34,11.49,377400,2.17
1994-08-23,11.54,11.60,11.44,11.54,519200,2.18
1994-08-22,11.39,11.39,11.23,11.39,344200,2.15
1994-08-19,11.39,11.39,11.13,11.39,384600,2.15
1994-08-18,11.23,11.23,11.13,11.23,428800,2.12
1994-08-17,11.18,11.60,11.18,11.18,796800,2.11
1994-08-16,11.54,11.70,11.44,11.54,346300,2.18
1994-08-15,11.65,11.75,11.49,11.65,639400,2.20
1994-08-12,11.49,11.49,11.18,11.49,462700,2.17
1994-08-11,11.34,11.44,11.23,11.34,446800,2.14
1994-08-10,11.44,11.60,11.39,11.44,550900,2.16
1994-08-09,11.54,11.54,11.28,11.54,512200,2.18
1994-08-08,11.44,11.44,11.23,11.44,551400,2.16
1994-08-05,11.39,11.60,11.23,11.39,1490100,2.15
1994-08-04,11.54,11.60,11.39,11.54,1139900,2.18
1994-08-03,11.65,11.80,11.60,11.65,918900,2.11
1994-08-02,11.80,11.80,11.54,11.80,819200,2.14
1994-08-01,11.54,11.70,11.49,11.54,514600,2.09
1994-07-29,11.34,11.39,11.13,11.34,436300,2.05
1994-07-28,11.23,11.39,11.23,11.23,561300,2.03
1994-07-27,11.23,11.34,11.02,11.23,667500,2.03
1994-07-26,11.08,11.23,11.02,11.08,904000,2.01
1994-07-25,11.28,11.65,11.23,11.28,473300,2.04
1994-07-22,11.54,11.75,11.49,11.54,503300,2.09
1994-07-21,11.54,11.60,11.34,11.54,374200,2.09
1994-07-20,11.39,11.39,11.18,11.39,342700,2.06
1994-07-19,11.23,11.23,11.13,11.23,304000,2.03
1994-07-18,11.23,11.34,11.18,11.23,211200,2.03
1994-07-15,11.28,11.28,11.13,11.28,862900,2.04
1994-07-14,11.18,11.34,11.18,11.18,350400,2.03
1994-07-13,11.18,11.28,11.02,11.18,1061500,2.03
1994-07-12,11.02,11.34,11.02,11.02,635100,2.00
1994-07-11,11.34,11.49,11.13,11.34,308800,2.05
1994-07-08,11.13,11.13,10.97,11.13,364600,2.02
1994-07-07,11.18,11.18,10.97,11.18,448000,2.03
1994-07-06,10.97,11.08,10.76,10.97,336500,1.99
1994-07-05,10.92,11.18,10.92,10.92,156000,1.98
1994-07-01,11.18,11.23,11.13,11.18,606200,2.03
1994-06-30,11.18,11.23,11.13,11.18,479500,2.03
1994-06-29,11.13,11.18,10.71,11.13,923500,2.02
1994-06-28,10.66,10.76,10.45,10.66,544700,1.93
1994-06-27,10.76,10.76,10.61,10.76,839400,1.95
1994-06-24,10.76,11.08,10.71,10.76,475700,1.95
1994-06-23,11.08,11.13,10.61,11.08,1495400,2.01
1994-06-22,11.02,11.23,10.97,11.02,1061500,2.00
1994-06-21,11.44,11.75,11.44,11.44,849000,2.07
1994-06-20,11.70,11.91,11.70,11.70,208600,2.12
1994-06-17,11.96,12.22,11.91,11.96,516500,2.17
1994-06-16,12.06,12.06,11.86,12.06,198500,2.19
1994-06-15,12.01,12.12,11.96,12.01,358600,2.18
1994-06-14,11.96,12.01,11.86,11.96,451200,2.17
1994-06-13,11.91,11.96,11.86,11.91,143900,2.16
1994-06-10,11.91,12.01,11.86,11.91,182900,2.16
1994-06-09,11.91,12.01,11.75,11.91,276200,2.16
1994-06-08,11.75,11.75,11.54,11.75,285300,2.13
1994-06-07,11.49,11.75,11.49,11.49,221600,2.08
1994-06-06,11.86,11.91,11.70,11.86,251900,2.15
1994-06-03,11.91,11.91,11.75,11.91,491300,2.16
1994-06-02,11.91,11.91,11.70,11.91,524500,2.16
1994-06-01,11.91,12.06,11.80,11.91,230200,2.16
1994-05-31,12.12,12.17,12.01,12.12,142700,2.20
1994-05-27,12.01,12.01,11.91,12.01,179500,2.18
1994-05-26,11.96,12.01,11.70,11.96,1904800,2.17
1994-05-25,11.91,11.96,11.60,11.91,772600,2.16
1994-05-24,11.91,12.01,11.86,11.91,430200,2.16
1994-05-23,11.86,11.91,11.75,11.86,618700,2.15
1994-05-20,11.75,11.86,11.70,11.75,581900,2.13
1994-05-19,12.01,12.06,11.28,12.01,705500,2.18
1994-05-18,11.28,11.54,11.23,11.28,590300,2.04
1994-05-17,11.54,11.65,11.44,11.54,452100,2.09
1994-05-16,11.60,11.86,11.60,11.60,540100,2.10
1994-05-13,11.75,11.96,11.60,11.75,1053300,2.13
1994-05-12,11.86,12.53,11.86,11.86,876600,2.15
1994-05-11,12.48,13.05,12.27,12.48,738900,2.26
1994-05-10,13.00,13.10,12.95,13.00,224700,2.36
1994-05-09,12.95,13.26,12.90,12.95,302100,2.35
1994-05-06,13.26,13.26,12.79,13.26,338400,2.40
1994-05-05,13.21,13.57,13.21,13.21,332200,2.39
1994-05-04,13.47,13.78,13.42,13.47,299200,2.44
1994-05-03,13.99,14.30,13.88,13.99,351200,2.45
1994-05-02,14.09,14.14,13.94,14.09,396600,2.47
1994-04-29,14.09,14.09,13.83,14.09,400200,2.47
1994-04-28,13.88,13.88,13.78,13.88,332900,2.43
1994-04-26,13.83,13.94,13.52,13.83,359800,2.43
1994-04-25,13.52,13.83,13.42,13.52,533100,2.37
1994-04-22,13.73,13.88,13.68,13.73,308400,2.41
1994-04-21,13.88,13.88,13.21,13.88,741500,2.43
1994-04-20,13.57,13.88,13.52,13.57,297100,2.38
1994-04-19,13.78,14.04,13.78,13.78,549500,2.42
1994-04-18,13.88,14.30,13.88,13.88,696600,2.43
1994-04-15,14.30,14.30,13.94,14.30,470600,2.51
1994-04-14,13.78,13.78,13.52,13.78,384800,2.42
1994-04-13,13.57,13.83,13.52,13.57,333800,2.38
1994-04-12,13.52,13.62,13.21,13.52,277600,2.37
1994-04-11,13.42,13.57,13.31,13.42,212500,2.35
1994-04-08,13.31,13.31,13.10,13.31,371300,2.33
1994-04-07,13.36,13.57,13.21,13.36,222800,2.34
1994-04-06,13.52,13.68,13.47,13.52,643000,2.37
1994-04-05,13.62,13.62,13.26,13.62,520600,2.39
1994-04-04,13.26,13.36,13.05,13.26,288900,2.33
1994-03-31,13.47,13.47,12.95,13.47,429500,2.36
1994-03-30,13.31,13.68,13.31,13.31,459100,2.33
1994-03-29,13.73,14.14,13.52,13.73,553100,2.41
1994-03-28,14.20,14.40,14.20,14.20,415100,2.49
1994-03-25,14.40,14.46,14.20,14.40,447300,2.53
1994-03-24,14.40,14.46,14.25,14.40,734100,2.53
1994-03-23,14.40,14.56,14.35,14.40,168900,2.53
1994-03-22,14.40,14.46,14.25,14.40,360800,2.53
1994-03-21,14.25,14.56,14.25,14.25,499700,2.50
1994-03-18,14.46,14.51,14.35,14.46,1033900,2.53
1994-03-17,14.51,14.61,14.25,14.51,670900,2.54
1994-03-16,14.35,14.40,14.14,14.35,606200,2.52
1994-03-15,14.14,14.30,14.14,14.14,482900,2.48
1994-03-14,14.25,14.46,14.20,14.25,685500,2.50
1994-03-11,14.30,14.40,14.20,14.30,207200,2.51
1994-03-10,14.40,14.56,14.30,14.40,330000,2.53
1994-03-09,14.56,14.56,14.20,14.56,963200,2.55
1994-03-08,14.35,14.56,14.35,14.35,549700,2.52
1994-03-07,14.51,14.66,14.35,14.51,941100,2.54
1994-03-04,14.46,14.56,14.30,14.46,319400,2.53
1994-03-03,14.46,14.56,14.25,14.46,576600,2.53
1994-03-02,14.20,14.35,14.20,14.20,737700,2.49
1994-03-01,14.40,14.46,14.09,14.40,1297100,2.53
1994-02-28,14.20,14.35,13.99,14.20,835300,2.49
1994-02-25,13.94,14.04,13.57,13.94,1036700,2.44
1994-02-24,13.42,13.52,13.26,13.42,849200,2.35
1994-02-23,13.16,13.26,13.10,13.16,231700,2.31
1994-02-22,13.10,13.16,13.00,13.10,456900,2.30
1994-02-18,13.05,13.16,12.95,13.05,233600,2.29
1994-02-17,12.95,13.16,12.90,12.95,392000,2.27
1994-02-16,13.00,13.10,12.90,13.00,186700,2.28
1994-02-15,13.10,13.10,13.00,13.10,493200,2.30
1994-02-14,12.95,13.05,12.69,12.95,365800,2.27
1994-02-11,12.79,12.79,12.48,12.79,131200,2.24
1994-02-10,12.53,12.69,12.53,12.53,489600,2.20
1994-02-09,12.64,12.79,12.58,12.64,193900,2.22
1994-02-08,12.58,12.74,12.48,12.58,433400,2.21
1994-02-07,12.64,12.84,12.53,12.64,493000,2.22
1994-02-04,12.48,12.95,12.48,12.48,647300,2.19
1994-02-03,13.10,13.16,12.90,13.10,441300,2.22
1994-02-02,12.90,12.90,12.64,12.90,822600,2.18
1994-02-01,12.84,13.00,12.74,12.84,723500,2.17
1994-01-31,12.84,13.10,12.84,12.84,492000,2.17
1994-01-28,13.05,13.16,13.05,13.05,481000,2.21
1994-01-27,13.00,13.05,12.95,13.00,321600,2.20
1994-01-26,12.95,13.16,12.90,12.95,193900,2.19
1994-01-25,12.95,13.21,12.90,12.95,306900,2.19
1994-01-24,13.00,13.42,12.84,13.00,481000,2.20
1994-01-21,13.31,13.62,13.31,13.31,537000,2.25
1994-01-20,13.36,13.36,13.10,13.36,426600,2.26
1994-01-19,13.16,13.21,13.00,13.16,414600,2.23
1994-01-18,12.95,13.26,12.95,12.95,855500,2.19
1994-01-17,13.10,13.21,12.90,13.10,454800,2.22
1994-01-14,13.00,13.26,12.95,13.00,448500,2.20
1994-01-13,13.00,13.05,12.74,13.00,366300,2.20
1994-01-12,13.00,13.31,13.00,13.00,466500,2.20
1994-01-11,13.31,13.36,13.21,13.31,643000,2.25
1994-01-10,13.26,13.31,12.58,13.26,890300,2.25
1994-01-07,12.84,12.90,12.64,12.84,322800,2.17
1994-01-06,12.90,12.90,12.74,12.90,471100,2.18
1994-01-05,12.79,12.90,12.69,12.79,442300,2.17
1994-01-04,12.79,12.95,12.38,12.79,537000,2.17
1994-01-03,12.48,12.58,12.22,12.48,454800,2.11
1993-12-31,12.22,12.43,12.17,12.22,185300,2.07
1993-12-30,12.27,12.43,12.27,12.27,93700,2.08
1993-12-29,12.38,12.43,12.12,12.38,308100,2.10
1993-12-28,12.43,12.58,12.22,12.43,390800,2.10
1993-12-27,12.38,12.69,12.22,12.38,479800,2.10
1993-12-23,12.69,12.90,12.64,12.69,332900,2.15
1993-12-22,12.64,12.74,12.58,12.64,306900,2.14
1993-12-21,12.74,12.74,12.64,12.74,159100,2.16
1993-12-20,12.84,12.84,12.69,12.84,150700,2.17
1993-12-17,12.90,12.90,12.48,12.90,630200,2.18
1993-12-16,12.43,12.53,12.32,12.43,278800,2.10
1993-12-15,12.32,12.53,12.27,12.32,237500,2.09
1993-12-14,12.48,12.69,12.48,12.48,247500,2.11
1993-12-13,12.69,12.84,12.48,12.69,558400,2.15
1993-12-10,12.79,12.95,12.64,12.79,356200,2.17
1993-12-09,12.95,13.00,12.64,12.95,458100,2.19
1993-12-08,12.69,12.74,12.53,12.69,532600,2.15
1993-12-07,12.74,12.79,12.53,12.74,602800,2.16
1993-12-06,12.58,12.69,12.48,12.58,497300,2.13
1993-12-03,12.79,13.10,12.69,12.79,246300,2.17
1993-12-02,13.05,13.21,13.00,13.05,226600,2.21
1993-12-01,13.05,13.57,13.05,13.05,380200,2.21
1993-11-30,13.42,13.57,13.16,13.42,379000,2.27
1993-11-29,13.21,13.36,13.10,13.21,382400,2.24
1993-11-26,13.16,13.57,13.16,13.16,253100,2.23
1993-11-24,13.47,13.52,13.05,13.47,1480200,2.28
1993-11-23,13.26,13.42,13.16,13.26,625400,2.25
1993-11-22,13.21,13.26,12.84,13.21,375400,2.24
1993-11-19,13.16,13.16,12.84,13.16,309800,2.23
1993-11-18,12.95,12.95,12.69,12.95,554300,2.19
1993-11-17,12.90,12.90,12.69,12.90,490100,2.18
1993-11-16,12.74,13.10,12.53,12.74,654800,2.16
1993-11-15,13.10,13.42,13.05,13.10,678300,2.22
1993-11-12,13.42,13.42,13.05,13.42,568200,2.27
1993-11-11,13.16,13.21,13.10,13.16,392000,2.23
1993-11-10,13.26,13.26,12.90,13.26,263900,2.25
1993-11-09,12.90,13.05,12.74,12.90,438200,2.18
1993-11-08,12.84,13.21,12.84,12.84,633600,2.17
1993-11-05,13.31,13.31,12.53,13.31,574200,2.25
1993-11-04,12.84,13.26,12.79,12.84,740600,2.17
1993-11-03,13.47,13.62,13.42,13.47,926600,2.20
1993-11-02,13.42,13.47,13.10,13.42,1088200,2.20
1993-11-01,13.36,13.36,12.90,13.36,998800,2.19
1993-10-29,13.00,13.10,12.84,13.00,474500,2.13
1993-10-28,13.00,13.10,12.79,13.00,299700,2.13
1993-10-27,13.00,13.21,12.95,13.00,289400,2.13
1993-10-26,13.10,13.42,13.05,13.10,780000,2.14
1993-10-25,12.74,13.16,12.32,12.74,931900,2.09
1993-10-22,13.00,13.21,12.90,13.00,1202100,2.13
1993-10-21,12.90,12.90,12.53,12.90,1118000,2.11
1993-10-20,12.48,12.48,12.22,12.48,617700,2.04
1993-10-19,12.32,12.32,12.12,12.32,324700,2.02
1993-10-18,12.06,12.38,12.06,12.06,839900,1.97
1993-10-15,12.43,12.48,12.38,12.43,426200,2.03
1993-10-14,12.43,12.58,12.43,12.43,288900,2.03
1993-10-13,12.48,12.58,12.32,12.48,691100,2.04
1993-10-12,12.58,12.74,12.48,12.58,1176200,2.06
1993-10-11,12.48,12.53,12.38,12.48,428800,2.04
1993-10-08,12.38,12.43,12.27,12.38,324000,2.03
1993-10-07,12.27,12.43,12.27,12.27,331400,2.01
1993-10-06,12.32,12.48,12.22,12.32,611000,2.02
1993-10-05,12.22,12.48,12.17,12.22,1080700,2.00
1993-10-04,12.17,12.22,12.01,12.17,381000,1.99
1993-10-01,12.12,12.12,11.86,12.12,381200,1.98
1993-09-30,11.86,12.01,11.80,11.86,407200,1.94
1993-09-29,11.96,12.01,11.70,11.96,347100,1.96
1993-09-28,11.86,11.91,11.65,11.86,163200,1.94
1993-09-27,11.91,11.91,11.65,11.91,292000,1.95
1993-09-24,11.65,11.80,11.65,11.65,956000,1.91
1993-09-23,11.39,11.44,11.23,11.39,340800,1.86
1993-09-22,11.13,11.65,11.13,11.13,517700,1.82
1993-09-21,11.54,11.60,11.34,11.54,380500,1.89
1993-09-20,11.60,11.70,11.49,11.60,493200,1.90
1993-09-17,11.60,11.60,11.39,11.60,627800,1.90
1993-09-16,11.65,11.75,11.49,11.65,253300,1.91
1993-09-15,11.49,11.60,11.44,11.49,279000,1.88
1993-09-14,11.65,11.65,11.39,11.65,316300,1.91
1993-09-13,11.54,11.65,11.34,11.54,450400,1.89
1993-09-10,11.65,11.65,11.23,11.65,446300,1.91
1993-09-09,11.23,11.28,11.13,11.23,237500,1.84
1993-09-08,11.23,11.44,11.18,11.23,408400,1.84
1993-09-07,11.49,11.65,11.39,11.49,539900,1.88
1993-09-03,11.60,11.65,11.54,11.60,270400,1.90
1993-09-02,11.65,11.91,11.54,11.65,796600,1.91
1993-09-01,11.80,12.01,11.70,11.80,550900,1.93
1993-08-31,12.01,12.01,11.70,12.01,669900,1.97
1993-08-30,11.86,11.91,11.65,11.86,580000,1.94
1993-08-27,11.65,11.75,11.44,11.65,341800,1.91
1993-08-26,11.54,11.70,11.18,11.54,676900,1.89
1993-08-25,11.39,11.65,11.39,11.39,641300,1.86
1993-08-24,11.60,11.60,11.44,11.60,256700,1.90
1993-08-23,11.44,11.54,11.34,11.44,380700,1.87
1993-08-20,11.34,11.39,11.23,11.34,293500,1.86
1993-08-19,11.18,11.34,11.18,11.18,546100,1.83
1993-08-18,11.18,11.28,11.08,11.18,640100,1.83
1993-08-17,11.13,11.39,11.08,11.13,636500,1.82
1993-08-16,11.34,11.44,11.18,11.34,323300,1.86
1993-08-13,11.39,11.39,11.13,11.39,456700,1.86
1993-08-12,11.18,11.18,10.97,11.18,633800,1.83
1993-08-11,11.02,11.18,11.02,11.02,319700,1.80
1993-08-10,11.02,11.08,10.87,11.02,465100,1.80
1993-08-09,10.97,11.08,10.92,10.97,267700,1.80
1993-08-06,10.97,10.97,10.87,10.97,149500,1.80
1993-08-05,10.87,10.97,10.87,10.87,143900,1.78
1993-08-04,10.87,11.02,10.87,10.87,411000,1.78
1993-08-03,11.23,11.28,11.18,11.23,432900,1.76
1993-08-02,11.23,11.28,11.08,11.23,497100,1.76
1993-07-30,11.23,11.34,11.13,11.23,345600,1.76
1993-07-29,11.44,11.49,11.28,11.44,598800,1.80
1993-07-28,11.28,11.34,11.13,11.28,539100,1.77
1993-07-27,11.18,11.18,11.08,11.18,428300,1.76
1993-07-26,11.13,11.23,10.97,11.13,821100,1.75
1993-07-23,10.92,10.92,10.76,10.92,943700,1.72
1993-07-22,10.76,10.76,10.50,10.76,1283900,1.69
1993-07-21,10.35,10.61,10.35,10.35,306200,1.63
1993-07-20,10.61,10.61,10.40,10.61,262000,1.67
1993-07-19,10.45,10.50,10.40,10.45,261300,1.64
1993-07-16,10.40,10.61,10.40,10.40,440600,1.63
1993-07-15,10.61,10.66,10.50,10.61,338200,1.67
1993-07-14,10.56,10.61,10.30,10.56,1082400,1.66
1993-07-13,10.24,10.30,10.04,10.24,289400,1.61
1993-07-12,10.14,10.19,9.98,10.14,236200,1.59
1993-07-09,10.04,10.14,9.98,10.04,280500,1.58
1993-07-08,10.09,10.14,10.04,10.09,150400,1.58
1993-07-07,10.14,10.14,9.98,10.14,311300,1.59
1993-07-06,9.98,10.40,9.93,9.98,526900,1.57
1993-07-02,10.30,10.35,10.24,10.30,338200,1.62
1993-07-01,10.30,10.35,9.93,10.30,617000,1.62
1993-06-30,9.98,10.14,9.83,9.98,507200,1.57
1993-06-29,10.09,10.19,10.09,10.09,248000,1.58
1993-06-28,10.14,10.14,9.93,10.14,401200,1.59
1993-06-25,9.93,9.98,9.83,9.93,209100,1.56
1993-06-24,9.93,9.98,9.88,9.93,304500,1.56
1993-06-23,9.98,10.04,9.93,9.98,374500,1.57
1993-06-22,10.04,10.09,9.93,10.04,305700,1.58
1993-06-21,10.04,10.09,9.98,10.04,229500,1.58
1993-06-18,10.04,10.19,9.98,10.04,427100,1.58
1993-06-17,10.09,10.14,10.04,10.09,156000,1.58
1993-06-16,10.09,10.19,9.93,10.09,448300,1.58
1993-06-15,10.19,10.24,10.04,10.19,302100,1.60
1993-06-14,10.24,10.40,10.19,10.24,395100,1.61
1993-06-11,10.30,10.40,10.24,10.30,512900,1.62
1993-06-10,10.24,10.30,10.14,10.24,438400,1.61
1993-06-09,10.30,10.50,10.19,10.30,557200,1.62
1993-06-08,10.50,10.66,10.40,10.50,362500,1.65
1993-06-07,10.61,10.61,10.50,10.61,368200,1.67
1993-06-04,10.61,10.61,10.40,10.61,226400,1.67
1993-06-03,10.45,10.50,10.35,10.45,323300,1.64
1993-06-02,10.50,10.71,10.40,10.50,533100,1.65
1993-06-01,10.82,10.87,10.71,10.82,398500,1.70
1993-05-28,10.71,10.76,10.40,10.71,739100,1.68
1993-05-27,10.50,10.66,10.35,10.50,394700,1.65
1993-05-26,10.56,10.61,10.30,10.56,453300,1.66
1993-05-25,10.35,10.40,10.19,10.35,215800,1.63
1993-05-24,10.30,10.40,10.09,10.30,422500,1.62
1993-05-21,10.30,10.45,10.19,10.30,345400,1.62
1993-05-20,10.40,10.45,10.30,10.40,182400,1.63
1993-05-19,10.30,10.35,10.24,10.30,650000,1.62
1993-05-18,10.35,10.40,10.30,10.35,435300,1.63
1993-05-17,10.40,10.56,10.35,10.40,427600,1.63
1993-05-14,10.40,10.61,10.35,10.40,282200,1.63
1993-05-13,10.45,10.56,10.19,10.45,777600,1.64
1993-05-12,10.30,10.30,10.09,10.30,835800,1.62
1993-05-11,10.19,10.24,10.04,10.19,422500,1.60
1993-05-10,10.14,10.30,10.09,10.14,504800,1.59
1993-05-07,10.24,10.45,10.24,10.24,655700,1.61
1993-05-06,10.24,10.50,10.19,10.24,875700,1.61
1993-05-05,10.45,10.50,10.40,10.45,328300,1.64
1993-05-04,10.50,10.76,10.40,10.50,656900,1.65
1993-05-03,10.92,10.92,10.76,10.92,756000,1.64
1993-04-30,10.82,10.92,10.50,10.82,705200,1.63
1993-04-29,10.35,10.40,10.09,10.35,355000,1.56
1993-04-28,10.19,10.40,10.04,10.19,683800,1.54
1993-04-27,10.30,10.82,10.30,10.30,646100,1.55
1993-04-26,10.76,10.87,10.45,10.76,653800,1.62
1993-04-23,10.45,10.45,10.19,10.45,867000,1.57
1993-04-22,9.98,10.30,9.98,9.98,602800,1.50
1993-04-21,9.72,9.88,9.62,9.72,441800,1.46
1993-04-20,9.72,9.88,9.72,9.72,424500,1.46
1993-04-19,9.88,10.14,9.88,9.88,525700,1.49
1993-04-16,10.14,10.40,9.41,10.14,1653600,1.53
1993-04-15,9.46,9.78,9.26,9.46,1076400,1.43
1993-04-14,9.78,9.98,9.67,9.78,548300,1.47
1993-04-13,9.98,9.98,9.83,9.98,203600,1.50
1993-04-12,9.98,10.04,9.88,9.98,323000,1.50
1993-04-08,10.04,10.19,9.98,10.04,256400,1.51
1993-04-07,10.19,10.19,10.14,10.19,194900,1.54
1993-04-06,10.14,10.19,9.93,10.14,417700,1.53
1993-04-05,10.14,10.19,10.04,10.14,301400,1.53
1993-04-02,10.14,10.45,10.09,10.14,1607400,1.53
1993-04-01,10.87,11.28,10.45,10.87,612700,1.64
1993-03-31,11.23,11.28,11.08,11.23,573300,1.69
1993-03-30,11.13,11.13,10.92,11.13,683100,1.68
1993-03-29,10.87,10.92,10.61,10.87,785300,1.64
1993-03-26,10.71,11.02,10.19,10.71,1184600,1.61
1993-03-25,10.97,11.02,10.82,10.97,650700,1.65
1993-03-24,10.97,11.13,10.71,10.97,646600,1.65
1993-03-23,11.13,11.23,10.97,11.13,271800,1.68
1993-03-22,11.23,11.34,11.18,11.23,321100,1.69
1993-03-19,11.39,11.54,11.39,11.39,607600,1.72
1993-03-18,11.49,11.60,11.44,11.49,365300,1.73
1993-03-17,11.54,11.60,11.44,11.54,440600,1.74
1993-03-16,11.60,11.60,11.39,11.60,190600,1.75
1993-03-15,11.49,11.54,11.44,11.49,231700,1.73
1993-03-12,11.54,11.60,11.44,11.54,248500,1.74
1993-03-11,11.65,11.65,11.54,11.65,91100,1.75
1993-03-10,11.65,11.70,11.54,11.65,227600,1.75
1993-03-09,11.65,11.65,11.60,11.65,283600,1.75
1993-03-08,11.54,11.65,11.49,11.54,405700,1.74
1993-03-05,11.54,11.65,11.54,11.54,234600,1.74
1993-03-04,11.65,11.80,11.44,11.65,268000,1.75
1993-03-03,11.75,11.86,11.70,11.75,256200,1.77
1993-03-02,11.91,11.91,11.54,11.91,334800,1.79
1993-03-01,11.54,11.54,11.39,11.54,196600,1.74
1993-02-26,11.28,11.60,11.28,11.28,340300,1.70
1993-02-25,11.54,11.60,11.44,11.54,367500,1.74
1993-02-24,11.44,11.65,11.39,11.44,312500,1.72
1993-02-23,11.44,11.49,11.28,11.44,329500,1.72
1993-02-22,11.39,11.44,11.18,11.39,543200,1.72
1993-02-19,11.18,11.44,11.13,11.18,596600,1.68
1993-02-18,11.44,11.65,11.28,11.44,390800,1.72
1993-02-17,11.60,11.70,11.54,11.60,212900,1.75
1993-02-16,11.65,11.96,11.65,11.65,343000,1.75
1993-02-12,11.75,11.96,11.65,11.75,337700,1.77
1993-02-11,12.01,12.17,11.86,12.01,366800,1.81
1993-02-10,11.86,12.43,11.80,11.86,357600,1.79
1993-02-09,12.32,12.53,12.32,12.32,264100,1.86
1993-02-08,12.48,12.48,12.38,12.48,321300,1.88
1993-02-05,12.43,12.43,12.27,12.43,262200,1.87
1993-02-04,12.38,12.58,12.27,12.38,511300,1.86
1993-02-03,12.58,12.58,12.43,12.58,679000,1.83
1993-02-02,12.38,12.43,12.17,12.38,345100,1.80
1993-02-01,12.22,12.22,11.96,12.22,493900,1.77
1993-01-29,12.12,12.12,11.86,12.12,1026400,1.76
1993-01-28,12.06,12.22,11.91,12.06,958100,1.75
1993-01-27,11.91,11.91,11.75,11.91,255000,1.73
1993-01-26,11.75,11.86,11.70,11.75,501900,1.71
1993-01-25,11.75,11.80,11.28,11.75,505000,1.71
1993-01-22,11.28,11.49,11.28,11.28,223000,1.64
1993-01-21,11.54,11.54,11.39,11.54,167300,1.68
1993-01-20,11.49,11.54,11.44,11.49,162500,1.67
1993-01-19,11.49,11.65,11.34,11.49,403300,1.67
1993-01-18,11.44,11.49,11.39,11.44,234300,1.66
1993-01-15,11.44,11.54,11.39,11.44,279500,1.66
1993-01-14,11.49,11.65,11.44,11.49,170900,1.67
1993-01-13,11.65,11.65,11.44,11.65,281000,1.69
1993-01-12,11.60,11.65,11.44,11.60,268000,1.68
1993-01-11,11.54,11.60,11.44,11.54,220600,1.68
1993-01-08,11.39,11.54,11.34,11.39,272500,1.65
1993-01-07,11.60,11.75,11.54,11.60,224000,1.68
1993-01-06,11.70,11.80,11.60,11.70,235000,1.70
1993-01-05,11.75,11.75,11.60,11.75,315100,1.71
1993-01-04,11.75,11.75,11.60,11.75,206000,1.71
1992-12-31,11.65,11.75,11.60,11.65,259600,1.69
1992-12-30,11.75,11.75,11.34,11.75,262000,1.71
1992-12-29,11.44,11.54,11.44,11.44,342300,1.66
1992-12-28,11.54,11.60,11.44,11.54,601600,1.68
1992-12-24,11.60,11.65,11.49,11.60,170100,1.68
1992-12-23,11.60,11.70,11.60,11.60,253800,1.68
1992-12-22,11.65,11.75,11.60,11.65,344200,1.69
1992-12-21,11.80,11.86,11.70,11.80,611700,1.71
1992-12-18,11.75,11.75,11.54,11.75,967000,1.71
1992-12-17,11.60,11.65,11.44,11.60,265800,1.68
1992-12-16,11.54,11.75,11.44,11.54,1019700,1.68
1992-12-15,11.44,11.54,11.34,11.44,492700,1.66
1992-12-14,11.39,11.39,11.28,11.39,395900,1.65
1992-12-11,11.39,11.39,11.28,11.39,767000,1.65
1992-12-10,11.28,11.34,11.18,11.28,839100,1.64
1992-12-09,11.23,11.23,11.08,11.23,307400,1.63
1992-12-08,11.13,11.18,11.02,11.13,347500,1.62
1992-12-07,11.02,11.02,10.87,11.02,343900,1.60
1992-12-04,10.87,10.87,10.76,10.87,433600,1.58
1992-12-03,10.82,10.87,10.71,10.82,401900,1.57
1992-12-02,10.87,10.97,10.82,10.87,195600,1.58
1992-12-01,10.97,11.08,10.87,10.97,283400,1.59
1992-11-30,11.08,11.08,10.76,11.08,378800,1.61
1992-11-27,10.76,10.87,10.76,10.76,75900,1.56
1992-11-25,10.82,10.87,10.71,10.82,364900,1.57
1992-11-24,10.76,10.82,10.61,10.76,345900,1.56
1992-11-23,10.71,10.71,10.40,10.71,324500,1.56
1992-11-20,10.45,10.71,10.45,10.45,300200,1.52
1992-11-19,10.61,10.66,10.35,10.61,356400,1.54
1992-11-18,10.40,10.56,10.19,10.40,389100,1.51
1992-11-17,10.19,10.35,10.19,10.19,230500,1.48
1992-11-16,10.35,10.40,10.30,10.35,323800,1.50
1992-11-13,10.40,10.40,10.30,10.40,237000,1.51
1992-11-12,10.40,10.40,10.24,10.40,364600,1.51
1992-11-11,10.19,10.24,10.14,10.19,234600,1.48
1992-11-10,10.24,10.40,10.19,10.24,1151200,1.49
1992-11-09,10.30,10.35,10.09,10.30,194200,1.50
1992-11-06,10.09,10.30,10.04,10.09,558600,1.47
1992-11-05,10.35,10.56,10.30,10.35,130200,1.50
1992-11-04,10.56,10.66,10.50,10.56,617000,1.53
1992-11-03,10.82,10.87,10.82,10.82,520100,1.51
1992-11-02,10.87,10.87,10.71,10.87,476400,1.51
1992-10-30,10.82,10.92,10.40,10.82,1470400,1.51
1992-10-29,10.19,10.24,10.14,10.19,154300,1.42
1992-10-28,10.24,10.30,10.19,10.24,126400,1.43
1992-10-27,10.30,10.30,10.09,10.30,337500,1.43
1992-10-26,10.14,10.19,9.93,10.14,428300,1.41
1992-10-23,9.98,9.98,9.67,9.98,425900,1.39
1992-10-22,9.78,9.83,9.67,9.78,276900,1.36
1992-10-21,9.83,10.19,9.67,9.83,375200,1.37
1992-10-20,9.78,9.83,9.67,9.78,155700,1.36
1992-10-19,9.67,9.83,9.67,9.67,162200,1.35
1992-10-16,9.78,9.78,9.62,9.78,233100,1.36
1992-10-15,9.72,9.72,9.52,9.72,179300,1.35
1992-10-14,9.78,9.78,9.62,9.78,165600,1.36
1992-10-13,9.78,9.88,9.67,9.78,166500,1.36
1992-10-12,9.67,9.88,9.62,9.67,163900,1.35
1992-10-09,9.72,9.93,9.72,9.72,196100,1.35
1992-10-08,9.88,9.98,9.83,9.88,187700,1.38
1992-10-07,9.72,9.88,9.72,9.72,257400,1.35
1992-10-06,9.78,9.78,9.57,9.78,394900,1.36
1992-10-05,9.72,9.83,9.36,9.72,528300,1.35
1992-10-02,9.83,10.14,9.83,9.83,224700,1.37
1992-10-01,10.14,10.24,9.98,10.14,223000,1.41
1992-09-30,10.14,10.19,10.09,10.14,160000,1.41
1992-09-29,10.19,10.24,10.14,10.19,153100,1.42
1992-09-28,10.24,10.30,10.09,10.24,127800,1.43
1992-09-25,10.14,10.19,10.09,10.14,161200,1.41
1992-09-24,10.14,10.35,10.14,10.14,242300,1.41
1992-09-23,10.24,10.40,10.24,10.24,157600,1.43
1992-09-22,10.24,10.45,10.19,10.24,217300,1.43
1992-09-21,10.40,10.40,10.30,10.40,185000,1.45
1992-09-18,10.30,10.40,10.24,10.30,356200,1.43
1992-09-17,10.30,10.45,10.24,10.30,464100,1.43
1992-09-16,10.40,10.45,10.30,10.40,312900,1.45
1992-09-15,10.30,10.40,10.30,10.30,145900,1.43
1992-09-14,10.40,10.40,10.19,10.40,322100,1.45
1992-09-11,10.30,10.71,10.30,10.30,203800,1.43
1992-09-10,10.40,10.40,10.30,10.40,220100,1.45
1992-09-09,10.35,10.50,10.30,10.35,361700,1.44
1992-09-08,10.30,10.35,10.30,10.30,143500,1.43
1992-09-04,10.35,10.40,10.24,10.35,241800,1.44
1992-09-03,10.35,10.45,10.30,10.35,407200,1.44
1992-09-02,10.40,10.45,10.30,10.40,664900,1.45
1992-09-01,10.40,10.61,10.35,10.40,230000,1.45
1992-08-31,10.66,10.71,10.66,10.66,152100,1.48
1992-08-28,10.66,10.66,10.40,10.66,327800,1.48
1992-08-27,10.40,10.56,10.35,10.40,376400,1.45
1992-08-26,10.40,10.45,10.35,10.40,447100,1.45
1992-08-25,10.50,10.56,10.30,10.50,681900,1.46
1992-08-24,10.14,10.30,10.14,10.14,226600,1.41
1992-08-21,10.35,10.45,10.19,10.35,202800,1.44
1992-08-20,10.35,10.45,10.24,10.35,260300,1.44
1992-08-19,10.45,10.56,10.40,10.45,240300,1.45
1992-08-18,10.56,10.61,10.50,10.56,242000,1.47
1992-08-17,10.40,10.56,10.35,10.40,132600,1.45
1992-08-14,10.40,10.50,10.40,10.40,151200,1.45
1992-08-13,10.40,10.45,10.30,10.40,202600,1.45
1992-08-12,10.24,10.35,10.19,10.24,191500,1.43
1992-08-11,10.35,10.45,10.24,10.35,183400,1.44
1992-08-10,10.40,10.50,10.24,10.40,274000,1.45
1992-08-07,10.35,10.45,10.30,10.35,260800,1.44
1992-08-06,10.35,10.35,10.14,10.35,344400,1.44
1992-08-05,10.24,10.35,10.14,10.24,639600,1.43
1992-08-04,10.14,10.35,10.04,10.14,380500,1.41
1992-08-03,10.45,10.56,10.45,10.45,528300,1.39
1992-07-31,10.50,10.56,10.45,10.50,311500,1.40
1992-07-30,10.50,10.56,10.45,10.50,430500,1.40
1992-07-29,10.50,10.50,10.45,10.50,259600,1.40
1992-07-28,10.50,10.56,10.40,10.50,494400,1.40
1992-07-27,10.50,10.66,10.45,10.50,302600,1.40
1992-07-24,10.50,10.61,10.45,10.50,410000,1.40
1992-07-23,10.61,10.66,10.50,10.61,313900,1.41
1992-07-22,10.50,10.56,10.45,10.50,274000,1.40
1992-07-21,10.50,10.61,10.45,10.50,453600,1.40
1992-07-20,10.56,10.56,10.45,10.56,487700,1.41
1992-07-17,10.66,10.76,10.61,10.66,187700,1.42
1992-07-16,10.76,10.87,10.61,10.76,407200,1.43
1992-07-15,10.87,11.02,10.76,10.87,391300,1.45
1992-07-14,10.82,10.82,10.76,10.82,279000,1.44
1992-07-13,10.82,10.87,10.66,10.82,430000,1.44
1992-07-10,10.76,10.87,10.66,10.76,420400,1.43
1992-07-09,10.82,10.82,10.76,10.82,297100,1.44
1992-07-08,10.71,10.76,10.61,10.71,439400,1.43
1992-07-07,10.66,11.02,10.56,10.66,434800,1.42
1992-07-06,10.97,10.97,10.50,10.97,423500,1.46
1992-07-02,10.61,10.76,10.45,10.61,382400,1.41
1992-07-01,10.76,10.82,10.56,10.76,382600,1.43
1992-06-30,10.66,10.71,10.56,10.66,341300,1.42
1992-06-29,10.71,10.82,10.71,10.71,307200,1.43
1992-06-26,10.71,10.82,10.50,10.71,392300,1.43
1992-06-25,10.50,10.76,10.40,10.50,738700,1.40
1992-06-24,10.71,10.87,10.71,10.71,562200,1.43
1992-06-23,10.92,11.02,10.87,10.92,628100,1.45
1992-06-22,10.92,11.28,10.92,10.92,455500,1.45
1992-06-19,11.23,11.39,11.18,11.23,495400,1.50
1992-06-18,11.28,11.39,11.18,11.28,535300,1.50
1992-06-17,11.28,11.60,11.28,11.28,529300,1.50
1992-06-16,11.65,11.75,11.60,11.65,960300,1.55
1992-06-15,11.60,11.75,11.54,11.60,1011000,1.54
1992-06-12,11.18,11.34,11.13,11.18,345400,1.49
1992-06-11,11.23,11.23,11.13,11.23,241800,1.50
1992-06-10,11.13,11.44,11.13,11.13,345900,1.48
1992-06-09,11.44,11.60,11.23,11.44,274000,1.52
1992-06-08,11.44,11.75,11.39,11.44,293000,1.52
1992-06-05,11.65,11.75,11.39,11.65,232900,1.55
1992-06-04,11.96,12.01,11.91,11.96,300000,1.59
1992-06-03,11.91,12.01,11.86,11.91,276900,1.59
1992-06-02,12.01,12.06,11.70,12.01,173300,1.60
1992-06-01,11.75,11.80,11.54,11.75,171100,1.57
1992-05-29,11.91,12.01,11.91,11.91,207600,1.59
1992-05-28,11.96,12.06,11.86,11.96,462700,1.59
1992-05-27,12.06,12.12,12.01,12.06,702400,1.61
1992-05-26,12.06,12.06,11.70,12.06,1269700,1.61
1992-05-22,11.70,11.80,11.54,11.70,76900,1.56
1992-05-21,11.60,11.80,11.49,11.60,328800,1.54
1992-05-20,11.75,12.01,11.75,11.75,170400,1.57
1992-05-19,11.96,11.96,11.75,11.96,188400,1.59
1992-05-18,11.86,11.91,11.49,11.86,148300,1.58
1992-05-15,11.39,11.65,11.39,11.39,264100,1.52
1992-05-14,11.75,11.86,11.54,11.75,187900,1.57
1992-05-13,11.96,11.96,11.86,11.96,101200,1.59
1992-05-12,11.96,11.96,11.75,11.96,146300,1.59
1992-05-11,11.96,11.96,11.75,11.96,162000,1.59
1992-05-08,11.75,11.80,11.54,11.75,190800,1.57
1992-05-07,11.75,11.96,11.75,11.75,129800,1.57
1992-05-06,11.96,12.06,11.91,11.96,132400,1.59
1992-05-05,12.01,12.06,11.96,12.01,288700,1.60
1992-05-04,12.12,12.12,12.01,12.12,377400,1.61
1992-05-01,12.27,12.27,12.17,12.27,399000,1.57
1992-04-30,12.27,12.27,11.86,12.27,619700,1.57
1992-04-29,11.86,11.91,11.75,11.86,190800,1.52
1992-04-28,11.86,11.86,11.54,11.86,247100,1.52
1992-04-27,11.75,11.75,11.39,11.75,521300,1.51
1992-04-24,11.49,11.49,11.28,11.49,401900,1.47
1992-04-23,11.44,11.44,11.18,11.44,219900,1.47
1992-04-22,11.34,11.60,11.34,11.34,251900,1.45
1992-04-21,11.49,11.65,11.49,11.49,203300,1.47
1992-04-20,11.54,11.75,11.44,11.54,157200,1.48
1992-04-16,11.75,11.86,11.54,11.75,191800,1.51
1992-04-15,11.65,11.65,11.49,11.65,151600,1.49
1992-04-14,11.44,11.54,11.18,11.44,291800,1.47
1992-04-13,11.18,11.23,11.08,11.18,143700,1.43
1992-04-10,11.18,11.18,10.92,11.18,236000,1.43
1992-04-09,10.92,11.18,10.92,10.92,329500,1.40
1992-04-08,11.13,11.23,10.92,11.13,312700,1.43
1992-04-07,11.23,11.49,11.18,11.23,216800,1.44
1992-04-06,11.49,11.54,11.28,11.49,594900,1.47
1992-04-03,11.23,11.39,11.18,11.23,570600,1.44
1992-04-02,11.28,11.44,11.28,11.28,133100,1.45
1992-04-01,11.39,11.44,11.23,11.39,260500,1.46
1992-03-31,11.39,11.49,11.34,11.39,265100,1.46
1992-03-30,11.44,11.49,11.34,11.44,218900,1.47
1992-03-27,11.49,11.60,11.49,11.49,132400,1.47
1992-03-26,11.70,11.75,11.60,11.70,179800,1.50
1992-03-25,11.54,11.86,11.54,11.54,201400,1.48
1992-03-24,11.75,11.86,11.70,11.75,182200,1.51
1992-03-23,11.80,11.80,11.39,11.80,337500,1.51
1992-03-20,11.54,11.91,11.44,11.54,437900,1.48
1992-03-19,11.86,12.01,11.75,11.86,290800,1.52
1992-03-18,11.96,12.01,11.60,11.96,384100,1.53
1992-03-17,11.60,11.60,11.44,11.60,423800,1.49
1992-03-16,11.54,11.60,11.44,11.54,125000,1.48
1992-03-13,11.54,11.60,11.39,11.54,223300,1.48
1992-03-12,11.39,11.60,11.39,11.39,426200,1.46
1992-03-11,11.44,11.54,11.39,11.44,131400,1.47
1992-03-10,11.39,11.70,11.39,11.39,261000,1.46
1992-03-09,11.39,11.65,11.34,11.39,291300,1.46
1992-03-06,11.60,12.01,11.60,11.60,672300,1.49
1992-03-05,11.91,12.01,11.28,11.91,259600,1.53
1992-03-04,11.44,11.54,11.28,11.44,145400,1.47
1992-03-03,11.44,11.60,11.39,11.44,123000,1.47
1992-03-02,11.54,11.60,11.44,11.54,164400,1.48
1992-02-28,11.60,11.65,11.54,11.60,308600,1.49
1992-02-27,11.60,11.70,11.54,11.60,167300,1.49
1992-02-26,11.65,11.75,11.39,11.65,131700,1.49
1992-02-25,11.39,11.44,11.13,11.39,247800,1.46
1992-02-24,11.34,11.39,11.13,11.34,152400,1.45
1992-02-21,11.23,11.54,11.23,11.23,194200,1.44
1992-02-20,11.60,11.65,11.54,11.60,179500,1.49
1992-02-19,11.65,11.75,11.60,11.65,271800,1.49
1992-02-18,11.60,11.91,11.44,11.60,298300,1.49
1992-02-14,11.91,12.12,11.86,11.91,366100,1.53
1992-02-13,12.12,12.48,12.12,12.12,252400,1.55
1992-02-12,12.48,12.48,12.32,12.48,773300,1.60
1992-02-11,12.38,12.64,12.27,12.38,535500,1.59
1992-02-10,12.01,12.01,11.86,12.01,191100,1.54
1992-02-07,11.75,11.86,11.49,11.75,210500,1.51
1992-02-06,11.65,11.65,11.34,11.65,274500,1.49
1992-02-05,11.49,11.75,11.44,11.49,197300,1.47
1992-02-04,11.65,11.80,11.54,11.65,420900,1.49
1992-02-03,11.80,11.86,11.54,11.80,400000,1.46
1992-01-31,11.60,12.01,11.60,11.60,208400,1.43
1992-01-30,12.01,12.06,11.70,12.01,584100,1.48
1992-01-29,11.70,11.86,11.54,11.70,430700,1.44
1992-01-28,11.80,12.01,11.75,11.80,272500,1.46
1992-01-27,11.91,12.01,11.86,11.91,295600,1.47
1992-01-24,11.96,12.22,11.96,11.96,110300,1.48
1992-01-23,12.01,12.32,11.96,12.01,199200,1.48
1992-01-22,12.27,12.38,12.12,12.27,125400,1.51
1992-01-21,12.22,12.22,11.86,12.22,250700,1.51
1992-01-20,12.06,12.12,11.86,12.06,491100,1.49
1992-01-17,12.17,12.43,12.12,12.17,325200,1.50
1992-01-16,12.38,12.43,12.22,12.38,317500,1.53
1992-01-15,12.38,12.48,12.32,12.38,100700,1.53
1992-01-14,12.43,12.48,12.12,12.43,233800,1.53
1992-01-13,12.38,12.69,12.32,12.38,170400,1.53
1992-01-10,12.58,12.79,12.53,12.58,201600,1.55
1992-01-09,12.53,12.64,12.48,12.53,420100,1.55
1992-01-08,12.48,12.48,12.22,12.48,465800,1.54
1992-01-07,12.32,12.38,12.06,12.32,356000,1.52
1992-01-06,12.27,12.38,12.17,12.27,218200,1.51
1992-01-03,12.32,12.43,12.22,12.32,411300,1.52
1992-01-02,12.32,12.58,11.96,12.32,351600,1.52
1991-12-31,12.69,12.69,12.22,12.69,750400,1.57
1991-12-30,12.06,12.06,11.39,12.06,1006000,1.49
1991-12-27,11.34,11.60,11.34,11.34,163200,1.40
1991-12-26,11.44,11.54,11.23,11.44,295100,1.41
1991-12-24,11.28,11.34,11.13,11.28,96100,1.39
1991-12-23,11.23,11.28,11.02,11.23,872800,1.39
1991-12-20,11.13,11.34,11.08,11.13,590600,1.37
1991-12-19,11.18,11.34,11.13,11.18,173300,1.38
1991-12-18,11.13,11.18,10.71,11.13,890100,1.37
1991-12-17,10.82,11.39,10.82,10.82,715100,1.34
1991-12-16,11.34,11.44,11.28,11.34,100000,1.40
1991-12-13,11.34,11.60,11.34,11.34,580200,1.40
1991-12-12,11.44,11.49,11.13,11.44,263700,1.41
1991-12-11,11.18,11.18,10.92,11.18,433800,1.38
1991-12-10,10.92,11.02,10.82,10.92,296300,1.35
1991-12-09,10.82,11.18,10.82,10.82,338700,1.34
1991-12-06,10.97,11.02,10.82,10.97,996400,1.35
1991-12-05,11.08,11.23,11.02,11.08,262000,1.37
1991-12-04,11.23,11.28,11.02,11.23,782200,1.39
1991-12-03,11.18,11.18,11.08,11.18,265100,1.38
1991-12-02,11.18,11.18,10.97,11.18,547300,1.38
1991-11-29,11.18,11.28,11.13,11.18,55700,1.38
1991-11-27,11.34,11.44,11.23,11.34,176600,1.40
1991-11-26,11.39,11.54,11.13,11.39,348300,1.41
1991-11-25,11.39,11.49,11.08,11.39,330700,1.41
1991-11-22,11.13,11.49,10.87,11.13,414100,1.37
1991-11-21,11.49,11.65,11.44,11.49,300200,1.42
1991-11-20,11.54,11.60,11.23,11.54,674500,1.42
1991-11-19,11.54,11.86,11.39,11.54,432200,1.42
1991-11-18,11.75,12.01,11.60,11.75,353800,1.45
1991-11-15,11.86,12.48,11.86,11.86,233600,1.46
1991-11-14,12.48,12.48,12.17,12.48,310300,1.54
1991-11-13,12.22,12.27,11.86,12.22,573300,1.51
1991-11-12,11.86,12.06,11.86,11.86,278300,1.46
1991-11-11,11.96,12.06,11.86,11.96,297300,1.48
1991-11-08,12.01,12.01,11.86,12.01,728600,1.48
1991-11-07,11.70,11.75,11.49,11.70,629000,1.44
1991-11-06,11.96,12.27,11.96,11.96,310300,1.48
1991-11-05,12.22,12.32,12.12,12.22,374500,1.51
1991-11-04,12.27,12.27,12.06,12.27,184300,1.51
1991-11-01,12.48,12.74,12.38,12.48,161000,1.48
1991-10-31,12.64,12.79,12.64,12.64,95400,1.50
1991-10-30,12.74,12.90,12.69,12.74,447500,1.52
1991-10-29,12.74,12.84,12.69,12.74,264400,1.52
1991-10-28,12.84,12.84,12.74,12.84,236500,1.53
1991-10-25,12.84,12.84,12.64,12.84,99000,1.53
1991-10-24,12.69,12.79,12.64,12.69,92500,1.51
1991-10-23,12.79,12.84,12.64,12.79,288200,1.52
1991-10-22,12.58,12.90,12.58,12.58,270600,1.50
1991-10-21,12.84,12.90,12.74,12.84,103100,1.53
1991-10-18,12.79,12.90,12.79,12.79,98500,1.52
1991-10-17,12.90,12.95,12.53,12.90,395900,1.53
1991-10-16,12.58,12.74,12.43,12.58,139400,1.50
1991-10-15,12.58,12.74,12.32,12.58,185500,1.50
1991-10-14,12.43,12.53,12.27,12.43,158600,1.48
1991-10-11,12.17,12.17,11.96,12.17,189400,1.45
1991-10-10,12.01,12.01,11.70,12.01,520400,1.43
1991-10-09,11.65,12.17,11.65,11.65,962700,1.39
1991-10-08,12.17,12.48,12.17,12.17,421600,1.45
1991-10-07,12.53,12.74,12.53,12.53,132900,1.49
1991-10-04,12.79,12.79,12.69,12.79,324700,1.52
1991-10-03,12.84,13.05,12.84,12.84,431200,1.53
1991-10-02,13.10,13.36,13.05,13.10,378300,1.56
1991-10-01,13.26,13.26,13.05,13.26,691300,1.58
1991-09-30,13.16,13.21,13.00,13.16,191500,1.57
1991-09-27,13.05,13.21,12.90,13.05,93900,1.55
1991-09-26,13.10,13.21,13.00,13.10,111200,1.56
1991-09-25,13.16,13.26,13.10,13.16,131700,1.57
1991-09-24,13.21,13.31,13.05,13.21,72100,1.57
1991-09-23,13.16,13.31,13.10,13.16,121800,1.57
1991-09-20,13.21,13.36,13.05,13.21,321300,1.57
1991-09-19,13.21,13.42,13.10,13.21,181000,1.57
1991-09-18,13.42,13.42,13.16,13.42,143000,1.60
1991-09-17,13.31,13.57,13.26,13.31,93000,1.58
1991-09-16,13.42,13.42,13.00,13.42,273000,1.60
1991-09-13,13.10,13.31,13.05,13.10,115100,1.56
1991-09-12,13.31,13.36,13.26,13.31,61500,1.58
1991-09-11,13.36,13.47,13.26,13.36,344900,1.59
1991-09-10,13.47,13.68,13.42,13.47,400400,1.60
1991-09-09,13.68,13.68,13.52,13.68,101600,1.63
1991-09-06,13.57,13.62,13.47,13.57,146800,1.61
1991-09-05,13.62,13.68,13.52,13.62,78100,1.62
1991-09-04,13.68,13.68,13.52,13.68,295600,1.63
1991-09-03,13.52,13.68,13.47,13.52,291800,1.61
1991-08-30,13.52,13.57,13.36,13.52,268700,1.61
1991-08-29,13.52,13.57,13.36,13.52,237000,1.61
1991-08-28,13.47,13.47,13.31,13.47,318200,1.60
1991-08-27,13.31,13.36,13.16,13.31,212900,1.58
1991-08-26,13.16,13.21,12.95,13.16,381400,1.57
1991-08-23,13.00,13.05,12.79,13.00,514900,1.55
1991-08-22,12.84,12.84,12.48,12.84,198300,1.53
1991-08-21,12.48,12.53,12.32,12.48,453800,1.48
1991-08-20,12.22,12.32,12.01,12.22,147800,1.45
1991-08-19,12.32,12.38,12.22,12.32,172100,1.47
1991-08-16,12.43,12.79,12.32,12.43,133400,1.48
1991-08-15,12.74,12.74,12.53,12.74,97300,1.52
1991-08-14,12.69,12.84,12.64,12.69,307200,1.51
1991-08-13,12.64,12.84,12.64,12.64,140300,1.50
1991-08-12,12.64,12.79,12.58,12.64,294200,1.50
1991-08-09,12.84,12.84,12.69,12.84,465600,1.53
1991-08-08,12.84,12.84,12.69,12.84,210000,1.53
1991-08-07,12.79,12.79,12.58,12.79,293200,1.52
1991-08-06,12.84,12.95,12.64,12.84,662000,1.53
1991-08-05,12.43,12.43,12.27,12.43,266500,1.48
1991-08-02,12.38,12.53,12.22,12.38,591300,1.42
1991-08-01,12.01,12.01,11.86,12.01,209300,1.38
1991-07-31,12.01,12.06,11.96,12.01,126900,1.38
1991-07-30,12.12,12.17,11.91,12.12,86000,1.39
1991-07-29,12.01,12.01,11.80,12.01,79000,1.38
1991-07-26,11.80,11.96,11.70,11.80,231700,1.35
1991-07-25,11.80,12.12,11.75,11.80,276200,1.35
1991-07-24,12.06,12.27,11.91,12.06,364600,1.38
1991-07-23,12.43,12.79,12.43,12.43,322800,1.42
1991-07-22,12.64,12.64,12.27,12.64,195600,1.45
1991-07-19,12.32,12.48,12.22,12.32,865300,1.41
1991-07-18,12.43,12.69,12.32,12.43,243900,1.42
1991-07-17,12.43,12.58,11.54,12.43,889600,1.42
1991-07-16,12.22,12.22,12.06,12.22,200200,1.40
1991-07-15,12.12,12.12,12.01,12.12,111700,1.39
1991-07-12,12.06,12.12,11.91,12.06,246300,1.38
1991-07-11,11.96,12.06,11.86,11.96,138200,1.37
1991-07-10,11.80,12.12,11.80,11.80,195600,1.35
1991-07-09,11.86,12.12,11.86,11.86,147300,1.36
1991-07-08,12.01,12.01,11.75,12.01,302600,1.38
1991-07-05,11.86,12.01,11.80,11.86,98700,1.36
1991-07-03,11.96,12.12,11.91,11.96,218200,1.37
1991-07-02,12.27,12.38,12.22,12.27,260800,1.41
1991-07-01,12.27,12.27,12.01,12.27,261000,1.41
1991-06-28,12.06,12.43,11.75,12.06,528600,1.38
1991-06-27,12.43,12.79,12.32,12.43,383400,1.42
1991-06-26,12.32,12.43,12.12,12.32,169400,1.41
1991-06-25,12.12,12.27,12.12,12.12,165600,1.39
1991-06-24,12.22,12.43,12.17,12.22,157900,1.40
1991-06-21,12.48,12.48,12.27,12.48,462900,1.43
1991-06-20,12.27,12.43,12.12,12.27,470600,1.41
1991-06-19,12.32,12.58,12.22,12.32,956000,1.41
1991-06-18,12.69,12.84,12.64,12.69,287500,1.45
1991-06-17,12.84,13.05,12.84,12.84,784300,1.47
1991-06-14,13.05,13.36,13.00,13.05,860800,1.50
1991-06-13,13.26,13.31,13.21,13.26,192300,1.52
1991-06-12,13.31,13.68,13.00,13.31,257400,1.53
1991-06-11,13.68,13.68,13.62,13.68,151400,1.57
1991-06-10,13.62,13.68,13.47,13.62,90800,1.56
1991-06-07,13.52,13.68,13.36,13.52,198300,1.55
1991-06-06,13.57,13.73,13.57,13.57,251600,1.56
1991-06-05,13.68,13.68,13.57,13.68,93900,1.57
1991-06-04,13.62,13.68,13.57,13.62,121600,1.56
1991-06-03,13.68,13.68,13.52,13.68,555500,1.57
1991-05-31,13.68,14.04,13.52,13.68,1158100,1.57
1991-05-30,14.04,14.14,13.78,14.04,166500,1.61
1991-05-29,13.83,13.83,13.62,13.83,308800,1.59
1991-05-28,13.68,13.73,13.52,13.68,226200,1.57
1991-05-24,13.52,13.57,13.21,13.52,232900,1.55
1991-05-23,13.16,13.36,13.10,13.16,243000,1.51
1991-05-22,13.26,13.26,13.05,13.26,249200,1.52
1991-05-21,13.16,13.31,13.16,13.16,105700,1.51
1991-05-20,13.21,13.26,13.05,13.21,293500,1.51
1991-05-17,13.05,13.16,13.00,13.05,181400,1.50
1991-05-16,13.16,13.31,13.10,13.16,253100,1.51
1991-05-15,13.10,13.10,12.74,13.10,180700,1.50
1991-05-14,12.69,12.84,12.58,12.69,319900,1.45
1991-05-13,12.79,13.05,12.79,12.79,197100,1.47
1991-05-10,13.00,13.42,13.00,13.00,146300,1.49
1991-05-09,13.52,13.52,13.31,13.52,91100,1.55
1991-05-08,13.42,13.42,13.21,13.42,115600,1.54
1991-05-07,13.26,13.31,13.16,13.26,119400,1.52
1991-05-06,13.26,13.31,13.16,13.26,74700,1.52
1991-05-03,13.42,13.47,13.21,13.42,110800,1.49
1991-05-02,13.26,13.36,13.21,13.26,216800,1.47
1991-05-01,13.31,13.31,13.05,13.31,278100,1.48
1991-04-30,13.16,13.42,13.10,13.16,178100,1.46
1991-04-29,13.26,13.52,13.21,13.26,160000,1.47
1991-04-26,13.52,13.57,13.42,13.52,155000,1.50
1991-04-25,13.62,13.88,13.62,13.62,237200,1.51
1991-04-24,13.83,14.30,13.78,13.83,191100,1.53
1991-04-23,14.35,14.51,14.30,14.35,372100,1.59
1991-04-22,14.30,14.51,14.09,14.30,158800,1.58
1991-04-19,14.20,14.46,14.20,14.20,375700,1.57
1991-04-18,14.35,14.56,14.25,14.35,349000,1.59
1991-04-17,14.20,14.25,13.94,14.20,193200,1.57
1991-04-16,14.09,14.09,13.78,14.09,181000,1.56
1991-04-15,13.83,13.99,13.52,13.83,258600,1.53
1991-04-12,13.57,13.62,13.36,13.57,280200,1.50
1991-04-11,13.36,13.42,13.05,13.36,428800,1.48
1991-04-10,12.84,12.84,12.64,12.84,164600,1.42
1991-04-09,12.53,13.00,12.53,12.53,163400,1.39
1991-04-08,12.84,12.84,12.48,12.84,190300,1.42
1991-04-05,12.84,13.36,12.43,12.84,318700,1.42
1991-04-04,13.31,13.78,13.31,13.31,212500,1.48
1991-04-03,13.78,13.83,13.73,13.78,231000,1.53
1991-04-02,13.73,13.78,13.62,13.73,191500,1.52
1991-04-01,13.68,13.73,13.47,13.68,103300,1.52
1991-03-28,13.68,13.78,13.57,13.68,176900,1.52
1991-03-27,13.68,13.78,13.52,13.68,473300,1.52
1991-03-26,13.62,13.62,13.57,13.62,79800,1.51
1991-03-25,13.68,13.73,13.57,13.68,132900,1.52
1991-03-22,13.73,13.83,13.68,13.73,209800,1.52
1991-03-21,13.62,14.04,13.52,13.62,165800,1.51
1991-03-20,14.04,14.46,14.04,14.04,229000,1.56
1991-03-19,14.46,14.46,13.68,14.46,227400,1.60
1991-03-18,13.94,13.94,13.68,13.94,216500,1.54
1991-03-15,13.68,13.78,13.36,13.68,401600,1.52
1991-03-14,13.78,13.99,13.68,13.78,154000,1.53
1991-03-13,13.94,13.94,13.73,13.94,173000,1.54
1991-03-12,13.83,13.99,13.73,13.83,286500,1.53
1991-03-11,13.88,14.25,13.68,13.88,162700,1.54
1991-03-08,14.25,14.72,14.20,14.25,360500,1.58
1991-03-07,14.72,14.87,14.46,14.72,738700,1.63
1991-03-06,14.40,14.46,13.94,14.40,981700,1.60
1991-03-05,13.94,13.94,13.47,13.94,300900,1.54
1991-03-04,13.36,13.83,13.36,13.36,179000,1.48
1991-03-01,13.73,13.73,13.26,13.73,293200,1.52
1991-02-28,13.42,13.57,13.10,13.42,315100,1.49
1991-02-27,13.42,13.62,13.00,13.42,562200,1.49
1991-02-26,13.00,13.05,12.48,13.00,360300,1.44
1991-02-25,12.53,12.79,12.43,12.53,208100,1.39
1991-02-22,12.69,12.84,12.43,12.69,304500,1.41
1991-02-21,12.64,12.64,12.27,12.64,252800,1.40
1991-02-20,12.38,12.84,12.27,12.38,354800,1.37
1991-02-19,12.79,13.00,12.69,12.79,299000,1.42
1991-02-15,13.00,13.00,12.53,13.00,233100,1.44
1991-02-14,12.69,13.10,12.69,12.69,195900,1.41
1991-02-13,13.05,13.10,12.79,13.05,368700,1.45
1991-02-12,13.00,13.26,12.95,13.00,364900,1.44
1991-02-11,13.10,13.16,13.00,13.10,325200,1.45
1991-02-08,13.05,13.31,13.00,13.05,120600,1.45
1991-02-07,13.16,13.36,12.90,13.16,340300,1.46
1991-02-06,13.10,13.42,12.79,13.10,356000,1.45
1991-02-05,12.74,12.84,12.58,12.74,238400,1.41
1991-02-04,12.58,12.69,12.12,12.58,425400,1.39
1991-02-01,12.43,12.74,12.27,12.43,251900,1.33
1991-01-31,12.79,13.05,12.64,12.79,221800,1.37
1991-01-30,13.10,13.10,13.00,13.10,162900,1.40
1991-01-29,13.05,13.36,12.95,13.05,88200,1.39
1991-01-28,13.47,13.68,13.42,13.47,113200,1.44
1991-01-25,13.68,13.88,13.62,13.68,185300,1.46
1991-01-24,13.94,14.09,13.88,13.94,193900,1.49
1991-01-23,13.68,13.94,13.31,13.68,2581200,1.46
1991-01-22,13.42,13.68,13.36,13.42,131000,1.43
1991-01-21,13.68,13.73,13.42,13.68,139400,1.46
1991-01-18,13.52,13.52,12.84,13.52,425400,1.44
1991-01-17,12.90,12.90,12.12,12.90,426200,1.38
1991-01-16,11.96,12.12,11.91,11.96,183400,1.28
1991-01-15,11.96,11.96,11.86,11.96,103300,1.28
1991-01-14,11.91,12.06,11.80,11.91,141100,1.27
1991-01-11,12.12,12.32,12.06,12.12,123700,1.29
1991-01-10,12.38,12.43,12.12,12.38,196800,1.32
1991-01-09,12.27,12.69,12.12,12.27,294400,1.31
1991-01-08,12.01,12.17,11.80,12.01,193000,1.28
1991-01-07,11.75,11.86,11.70,11.75,126400,1.26
1991-01-04,11.91,12.01,11.80,11.91,114400,1.27
1991-01-03,11.91,12.12,11.75,11.91,301900,1.27
1991-01-02,11.60,11.75,11.54,11.60,118700,1.24
1990-12-31,11.60,11.60,11.49,11.60,167000,1.24
1990-12-28,11.49,11.65,11.49,11.49,226900,1.23
1990-12-27,11.54,11.86,11.49,11.54,184600,1.23
1990-12-26,11.86,11.96,11.86,11.86,80200,1.27
1990-12-24,11.91,12.01,11.70,11.91,75200,1.27
1990-12-21,11.86,11.96,11.80,11.86,352800,1.27
1990-12-20,11.70,11.80,11.39,11.70,336700,1.25
1990-12-19,11.49,12.06,11.39,11.49,285500,1.23
1990-12-18,12.12,12.32,12.06,12.12,179000,1.29
1990-12-17,12.32,12.38,12.27,12.32,161700,1.32
1990-12-14,12.43,12.43,12.38,12.43,136000,1.33
1990-12-13,12.38,12.53,12.38,12.38,386700,1.32
1990-12-12,12.53,12.53,12.43,12.53,139100,1.34
1990-12-11,12.43,12.53,12.43,12.43,284600,1.33
1990-12-10,12.64,12.64,12.48,12.64,105200,1.35
1990-12-07,12.64,12.69,12.48,12.64,239400,1.35
1990-12-06,12.69,12.95,12.69,12.69,365100,1.36
1990-12-05,12.79,12.90,12.69,12.79,182200,1.37
1990-12-04,12.74,12.84,12.64,12.74,116800,1.36
1990-12-03,12.79,13.16,12.69,12.79,119700,1.37
1990-11-30,13.16,13.21,12.58,13.16,206000,1.41
1990-11-29,12.64,12.79,12.48,12.64,144200,1.35
1990-11-28,12.90,12.95,12.84,12.90,63200,1.38
1990-11-27,12.84,12.90,12.69,12.84,63400,1.37
1990-11-26,12.79,12.79,12.53,12.79,130200,1.37
1990-11-23,12.69,12.84,12.69,12.69,112000,1.36
1990-11-21,12.84,12.90,12.69,12.84,140100,1.37
1990-11-20,12.84,13.00,12.79,12.84,208100,1.37
1990-11-19,13.00,13.00,12.90,13.00,106200,1.39
1990-11-16,12.95,13.05,12.90,12.95,201900,1.38
1990-11-15,12.90,13.10,12.90,12.90,270900,1.38
1990-11-14,13.21,13.26,13.10,13.21,226400,1.41
1990-11-13,13.10,13.16,12.95,13.10,425700,1.40
1990-11-12,12.95,13.10,12.95,12.95,225200,1.38
1990-11-09,13.00,13.00,12.58,13.00,142300,1.39
1990-11-08,12.48,12.53,12.32,12.48,175400,1.33
1990-11-07,12.48,12.64,12.48,12.48,188200,1.33
1990-11-06,12.48,12.48,12.27,12.48,152600,1.33
1990-11-05,12.32,12.38,12.17,12.32,59800,1.32
1990-11-02,12.38,12.38,11.91,12.38,154500,1.27
1990-11-01,12.22,12.22,11.96,12.22,80200,1.26
1990-10-31,12.01,12.17,11.86,12.01,150900,1.24
1990-10-30,12.17,12.22,12.12,12.17,161500,1.25
1990-10-29,12.06,12.48,12.06,12.06,107400,1.24
1990-10-26,12.43,12.53,12.38,12.43,284600,1.28
1990-10-25,12.48,12.69,12.43,12.48,263900,1.28
1990-10-24,12.58,12.69,12.48,12.58,371100,1.30
1990-10-23,12.69,12.90,12.64,12.69,164600,1.31
1990-10-22,12.69,12.69,12.06,12.69,396100,1.31
1990-10-19,12.22,12.27,11.96,12.22,216500,1.26
1990-10-18,11.86,11.86,11.65,11.86,176900,1.22
1990-10-17,11.60,11.65,11.44,11.60,166500,1.19
1990-10-16,11.54,11.80,11.49,11.54,196800,1.19
1990-10-15,11.75,11.80,11.28,11.75,249000,1.21
1990-10-12,11.39,11.39,10.71,11.39,403300,1.17
1990-10-11,10.82,11.65,10.82,10.82,281400,1.11
1990-10-10,11.65,12.06,11.65,11.65,218900,1.20
1990-10-09,12.01,12.53,12.01,12.01,289100,1.24
1990-10-08,12.48,12.64,12.43,12.48,156700,1.28
1990-10-05,12.64,12.84,12.58,12.64,525400,1.30
1990-10-04,12.79,12.79,12.64,12.79,249700,1.32
1990-10-03,12.69,12.79,12.64,12.69,258600,1.31
1990-10-02,12.79,12.95,12.69,12.79,218900,1.32
1990-10-01,12.69,12.74,12.64,12.69,156000,1.31
1990-09-28,12.64,12.74,12.53,12.64,172100,1.30
1990-09-27,12.84,13.10,12.84,12.84,263700,1.32
1990-09-26,13.10,13.10,12.90,13.10,257200,1.35
1990-09-25,13.31,13.52,13.21,13.31,183600,1.37
1990-09-24,13.52,13.83,13.52,13.52,170600,1.39
1990-09-21,13.88,13.88,13.68,13.88,437900,1.43
1990-09-20,13.73,13.73,13.62,13.73,221600,1.41
1990-09-19,13.73,13.88,13.68,13.73,189400,1.41
1990-09-18,13.88,13.88,13.68,13.88,335800,1.43
1990-09-17,13.94,13.94,13.73,13.94,289900,1.43
1990-09-14,13.94,14.14,13.94,13.94,248000,1.43
1990-09-13,14.14,14.46,14.04,14.14,151400,1.46
1990-09-12,14.40,14.46,14.30,14.40,239400,1.48
1990-09-11,14.30,14.35,14.25,14.30,145400,1.47
1990-09-10,14.30,14.30,14.14,14.30,236000,1.47
1990-09-07,14.09,14.20,13.94,14.09,376600,1.45
1990-09-06,14.09,14.09,13.88,14.09,479300,1.45
1990-09-05,13.88,13.94,13.62,13.88,312000,1.43
1990-09-04,13.62,13.68,13.52,13.62,240100,1.40
1990-08-31,13.68,13.88,13.57,13.68,274200,1.41
1990-08-30,13.57,13.73,13.57,13.57,373300,1.40
1990-08-29,13.73,13.88,13.62,13.73,361700,1.41
1990-08-28,13.73,14.04,13.62,13.73,613700,1.41
1990-08-27,13.68,13.83,13.68,13.68,221300,1.41
1990-08-24,13.62,13.73,13.57,13.62,284300,1.40
1990-08-23,13.62,13.73,13.36,13.62,207600,1.40
1990-08-22,13.68,13.94,13.62,13.68,234300,1.41
1990-08-21,13.94,14.09,13.62,13.94,238700,1.43
1990-08-20,14.04,14.09,13.73,14.04,194200,1.44
1990-08-17,13.83,13.83,13.52,13.83,215800,1.42
1990-08-16,13.83,14.14,13.83,13.83,188700,1.42
1990-08-15,14.25,14.35,14.14,14.25,325700,1.47
1990-08-14,14.14,14.35,13.99,14.14,203300,1.46
1990-08-13,14.09,14.14,13.94,14.09,100000,1.45
1990-08-10,13.99,14.46,13.99,13.99,244700,1.44
1990-08-09,14.40,14.46,14.25,14.40,199200,1.48
1990-08-08,14.51,14.56,14.09,14.51,648000,1.49
1990-08-07,14.20,14.35,14.09,14.20,554000,1.46
1990-08-06,14.09,14.14,13.88,14.09,209100,1.45
1990-08-03,14.56,14.82,14.46,14.56,1934800,1.45
1990-08-02,14.77,15.60,14.66,14.77,1023800,1.47
1990-08-01,15.34,15.34,15.03,15.34,296600,1.53
1990-07-31,15.13,15.39,14.87,15.13,359600,1.51
1990-07-30,15.18,15.18,15.03,15.18,300200,1.51
1990-07-27,15.08,15.18,14.98,15.08,273500,1.50
1990-07-26,15.24,15.70,15.18,15.24,236500,1.52
1990-07-25,15.70,15.81,15.65,15.70,193500,1.57
1990-07-24,15.76,15.96,15.60,15.76,309800,1.57
1990-07-23,15.86,15.86,15.70,15.86,172800,1.58
1990-07-20,15.81,16.02,15.60,15.81,323000,1.58
1990-07-19,15.55,15.70,15.34,15.55,127100,1.55
1990-07-18,15.39,15.55,15.39,15.39,235800,1.54
1990-07-17,15.55,15.70,15.39,15.55,141300,1.55
1990-07-16,15.65,16.02,15.60,15.65,88400,1.56
1990-07-13,15.91,16.12,15.91,15.91,155000,1.59
1990-07-12,15.86,15.86,15.50,15.86,164400,1.58
1990-07-11,15.55,15.60,15.39,15.55,330200,1.55
1990-07-10,15.39,15.55,15.39,15.39,178100,1.54
1990-07-09,15.65,15.65,15.44,15.65,86700,1.56
1990-07-06,15.39,15.50,15.29,15.39,251400,1.54
1990-07-05,15.39,15.44,15.29,15.39,417000,1.54
1990-07-03,15.39,15.70,15.29,15.39,210500,1.54
1990-07-02,15.65,15.65,15.44,15.65,86200,1.56
1990-06-29,15.44,15.44,15.29,15.44,118000,1.54
1990-06-28,15.39,15.44,15.29,15.39,144700,1.54
1990-06-27,15.29,15.44,15.24,15.29,117000,1.52
1990-06-26,15.34,15.65,15.34,15.34,243200,1.53
1990-06-25,15.39,15.50,15.34,15.39,110300,1.54
1990-06-22,15.44,15.81,15.39,15.44,229800,1.54
1990-06-21,15.65,15.81,15.60,15.65,207600,1.56
1990-06-20,15.65,16.02,15.55,15.65,181900,1.56
1990-06-19,15.91,16.02,15.70,15.91,154000,1.59
1990-06-18,15.76,15.96,15.76,15.76,310800,1.57
1990-06-15,16.02,16.12,15.86,16.02,385500,1.60
1990-06-14,16.02,16.22,15.91,16.02,213900,1.60
1990-06-13,16.28,16.38,16.17,16.28,157600,1.62
1990-06-12,16.43,16.43,15.96,16.43,408600,1.64
1990-06-11,16.17,16.17,15.96,16.17,161200,1.61
1990-06-08,16.12,16.22,16.02,16.12,310500,1.61
1990-06-07,16.12,16.17,16.02,16.12,171100,1.61
1990-06-06,16.12,16.28,16.07,16.12,767000,1.61
1990-06-05,16.17,16.43,16.17,16.17,468000,1.61
1990-06-04,16.43,16.59,16.22,16.43,189900,1.64
1990-06-01,16.33,16.74,16.22,16.33,306900,1.63
1990-05-31,16.69,16.80,16.64,16.69,277400,1.66
1990-05-30,16.74,16.80,16.59,16.74,458100,1.67
1990-05-29,16.54,16.59,16.43,16.54,277400,1.65
1990-05-25,16.38,16.48,16.12,16.38,277600,1.63
1990-05-24,16.12,16.28,16.12,16.12,159300,1.61
1990-05-23,16.17,16.17,15.96,16.17,152600,1.61
1990-05-22,16.07,16.17,15.91,16.07,281400,1.60
1990-05-21,16.12,16.22,15.91,16.12,427800,1.61
1990-05-18,16.12,16.28,16.02,16.12,383400,1.61
1990-05-17,16.17,16.43,16.17,16.17,113900,1.61
1990-05-16,16.33,16.43,16.17,16.33,177800,1.63
1990-05-15,16.17,16.22,15.86,16.17,286000,1.61
1990-05-14,16.17,16.43,15.81,16.17,809300,1.61
1990-05-11,15.96,16.07,15.55,15.96,347800,1.59
1990-05-10,15.70,15.81,15.60,15.70,253800,1.57
1990-05-09,15.60,15.65,15.39,15.60,334600,1.56
1990-05-08,15.39,15.39,15.29,15.39,128300,1.54
1990-05-07,15.24,15.60,15.24,15.24,167000,1.52
1990-05-04,15.50,15.50,15.18,15.50,122500,1.55
1990-05-03,15.39,15.44,15.29,15.39,237000,1.49
1990-05-02,15.24,15.24,14.98,15.24,403800,1.48
1990-05-01,15.13,15.13,14.87,15.13,266100,1.47
1990-04-30,14.98,15.03,14.77,14.98,633400,1.45
1990-04-27,14.72,15.03,14.61,14.72,450000,1.42
1990-04-26,15.03,15.18,14.77,15.03,103800,1.46
1990-04-25,15.13,15.44,15.08,15.13,286000,1.47
1990-04-24,15.29,15.34,15.24,15.29,137200,1.48
1990-04-23,15.24,15.39,15.24,15.24,212900,1.48
1990-04-20,15.39,15.60,15.34,15.39,650900,1.49
1990-04-19,15.60,15.70,15.44,15.60,255000,1.51
1990-04-18,15.70,15.96,15.65,15.70,511300,1.52
1990-04-17,15.91,15.91,15.39,15.91,677600,1.54
1990-04-16,15.39,15.65,15.39,15.39,500400,1.49
1990-04-12,15.55,15.65,15.50,15.55,735300,1.51
1990-04-11,15.50,15.55,15.34,15.50,499500,1.50
1990-04-10,15.34,15.44,15.34,15.34,118500,1.49
1990-04-09,15.50,15.60,15.39,15.50,193500,1.50
1990-04-06,15.44,15.60,15.39,15.44,368700,1.50
1990-04-05,15.50,15.65,15.39,15.50,572800,1.50
1990-04-04,15.39,15.70,15.34,15.39,534800,1.49
1990-04-03,15.76,15.81,15.50,15.76,244200,1.53
1990-04-02,15.44,15.50,15.39,15.44,266100,1.50
1990-03-30,15.76,15.76,15.29,15.76,393500,1.53
1990-03-29,15.55,15.55,15.18,15.55,314600,1.51
1990-03-28,15.13,15.29,15.03,15.13,402400,1.47
1990-03-27,15.34,15.34,15.13,15.34,240600,1.49
1990-03-26,15.13,15.18,15.08,15.13,231200,1.47
1990-03-23,15.13,15.13,14.98,15.13,386300,1.47
1990-03-22,14.98,15.18,14.98,14.98,362200,1.45
1990-03-21,15.18,15.44,15.18,15.18,528300,1.47
1990-03-20,15.50,15.60,15.44,15.50,101400,1.50
1990-03-19,15.70,15.70,15.44,15.70,166800,1.52
1990-03-16,15.65,15.70,15.39,15.65,556000,1.52
1990-03-15,15.24,15.39,15.13,15.24,324200,1.48
1990-03-14,15.24,15.39,15.08,15.24,168900,1.48
1990-03-13,15.50,15.70,15.39,15.50,146600,1.50
1990-03-12,15.70,15.76,15.44,15.70,115100,1.52
1990-03-09,15.50,15.91,15.44,15.50,176400,1.50
1990-03-08,15.91,16.22,15.86,15.91,521300,1.54
1990-03-07,16.17,16.22,16.07,16.17,730500,1.57
1990-03-06,16.17,16.17,16.07,16.17,147800,1.57
1990-03-05,16.12,16.22,15.96,16.12,455700,1.56
1990-03-02,16.22,16.22,16.12,16.22,394700,1.57
1990-03-01,16.22,16.22,16.07,16.22,333400,1.57
1990-02-28,16.22,16.28,16.12,16.22,156200,1.57
1990-02-27,16.17,16.28,16.12,16.17,200400,1.57
1990-02-26,16.17,16.22,15.96,16.17,345100,1.57
1990-02-23,16.07,16.22,15.96,16.07,182400,1.56
1990-02-22,16.22,16.38,16.12,16.22,205200,1.57
1990-02-21,16.22,16.28,15.96,16.22,240600,1.57
1990-02-20,16.17,16.22,15.91,16.17,186200,1.57
1990-02-16,16.33,16.43,16.28,16.33,287500,1.58
1990-02-15,16.43,16.43,16.22,16.43,323300,1.59
1990-02-14,16.33,16.38,16.22,16.33,228100,1.58
1990-02-13,16.33,16.43,16.12,16.33,167300,1.58
1990-02-12,16.38,16.48,16.33,16.38,100900,1.59
1990-02-09,16.59,16.59,16.43,16.59,124700,1.61
1990-02-08,16.43,16.54,16.38,16.43,277800,1.59
1990-02-07,16.38,16.38,16.17,16.38,414100,1.59
1990-02-06,16.43,16.59,16.38,16.43,106700,1.59
1990-02-05,16.59,16.69,16.48,16.59,54500,1.61
1990-02-02,16.80,16.85,16.59,16.80,546600,1.58
1990-02-01,16.64,16.69,16.54,16.64,272100,1.57
1990-01-31,16.69,16.74,16.28,16.69,540600,1.57
1990-01-30,16.38,16.43,16.12,16.38,487500,1.54
1990-01-29,16.28,16.33,16.12,16.28,622300,1.53
1990-01-26,16.38,16.48,16.12,16.38,187000,1.54
1990-01-25,16.17,16.33,16.07,16.17,263200,1.52
1990-01-24,16.07,16.12,15.44,16.07,366300,1.51
1990-01-23,16.22,16.43,16.17,16.22,417500,1.53
1990-01-22,16.38,16.74,16.33,16.38,399700,1.54
1990-01-19,16.69,16.85,16.54,16.69,576400,1.57
1990-01-18,16.69,16.69,16.54,16.69,145100,1.57
1990-01-17,16.80,17.06,16.64,16.80,444400,1.58
1990-01-16,16.95,17.00,16.69,16.95,149000,1.60
1990-01-15,16.90,17.06,16.85,16.90,164100,1.59
1990-01-12,17.00,17.26,17.00,17.00,149000,1.60
1990-01-11,17.32,17.42,17.16,17.32,385300,1.63
1990-01-10,17.06,17.11,16.85,17.06,236000,1.61
1990-01-09,17.06,17.26,16.95,17.06,262500,1.61
1990-01-08,17.11,17.16,17.00,17.11,192500,1.61
1990-01-05,17.16,17.21,17.06,17.16,309800,1.62
1990-01-04,17.26,17.26,16.95,17.26,676600,1.63
1990-01-03,16.80,17.06,16.69,16.80,289900,1.58
1990-01-02,17.11,17.11,16.90,17.11,420600,1.61
1989-12-29,17.00,17.16,16.85,17.00,217500,1.60
1989-12-28,17.06,17.16,16.95,17.06,113900,1.61
1989-12-27,17.16,17.16,17.11,17.16,141300,1.62
1989-12-26,17.16,17.21,17.11,17.16,119400,1.62
1989-12-22,17.16,17.21,17.06,17.16,427400,1.62
1989-12-21,17.26,17.32,17.16,17.26,206400,1.63
1989-12-20,17.21,17.21,17.00,17.21,257400,1.62
1989-12-19,16.95,17.06,16.90,16.95,497500,1.60
1989-12-18,17.06,17.37,16.95,17.06,239400,1.61
1989-12-15,17.21,17.21,16.95,17.21,620100,1.62
1989-12-14,17.06,17.42,16.95,17.06,456400,1.61
1989-12-13,17.37,17.99,17.21,17.37,825200,1.64
1989-12-12,17.78,17.84,17.58,17.78,648500,1.68
1989-12-11,17.52,17.58,17.06,17.52,286500,1.65
1989-12-08,17.16,17.16,16.90,17.16,193200,1.62
1989-12-07,16.85,17.06,16.80,16.85,334600,1.59
1989-12-06,16.80,16.80,16.54,16.80,276600,1.58
1989-12-05,16.64,16.95,16.59,16.64,340300,1.57
1989-12-04,16.90,17.16,16.85,16.90,378100,1.59
1989-12-01,16.74,16.90,16.54,16.74,231700,1.58
1989-11-30,16.59,16.64,16.48,16.59,175900,1.56
1989-11-29,16.48,16.59,16.48,16.48,276400,1.55
1989-11-28,16.54,16.64,16.43,16.54,292000,1.56
1989-11-27,16.48,16.59,16.28,16.48,393700,1.55
1989-11-24,16.28,16.33,16.12,16.28,94400,1.53
1989-11-22,16.17,16.17,15.76,16.17,392700,1.52
1989-11-21,15.96,15.96,15.81,15.96,182900,1.50
1989-11-20,15.81,15.96,15.81,15.81,260300,1.49
1989-11-17,15.86,16.02,15.76,15.86,413700,1.49
1989-11-16,15.86,16.33,15.81,15.86,905000,1.49
1989-11-15,16.33,16.38,16.22,16.33,117500,1.54
1989-11-14,16.38,16.43,16.17,16.38,466800,1.54
1989-11-13,16.38,16.54,16.38,16.38,226600,1.54
1989-11-10,16.38,16.43,16.12,16.38,96600,1.54
1989-11-09,16.07,16.12,16.02,16.07,105200,1.51
1989-11-08,16.02,16.28,16.02,16.02,119400,1.51
1989-11-07,16.12,16.38,16.02,16.12,311300,1.52
1989-11-06,15.91,16.07,15.91,15.91,524000,1.50
1989-11-03,16.17,16.28,16.12,16.17,145600,1.48
1989-11-02,16.12,16.22,16.07,16.12,133800,1.48
1989-11-01,16.22,16.28,16.02,16.22,175200,1.49
1989-10-31,16.28,16.54,16.02,16.28,375200,1.49
1989-10-30,15.91,16.07,15.86,15.91,111200,1.46
1989-10-27,15.86,15.86,15.65,15.86,253100,1.45
1989-10-26,15.91,16.17,15.81,15.91,318000,1.46
1989-10-25,16.07,16.17,16.02,16.07,261300,1.47
1989-10-24,16.28,16.48,16.02,16.28,366100,1.49
1989-10-23,16.48,16.64,16.43,16.48,364600,1.51
1989-10-20,16.59,16.74,16.48,16.59,180700,1.52
1989-10-19,16.74,16.74,16.48,16.74,261000,1.53
1989-10-18,16.38,16.59,16.17,16.38,217000,1.50
1989-10-17,16.22,16.59,15.96,16.22,334300,1.49
1989-10-16,16.17,16.17,15.50,16.17,512700,1.48
1989-10-13,16.02,17.06,15.96,16.02,260300,1.47
1989-10-12,17.06,17.06,16.95,17.06,354000,1.56
1989-10-11,17.06,17.16,17.00,17.06,189900,1.56
1989-10-10,16.95,16.95,16.69,16.95,158600,1.55
1989-10-09,16.74,16.80,16.54,16.74,119400,1.53
1989-10-06,16.69,16.85,16.69,16.69,176400,1.53
1989-10-05,16.80,16.80,16.69,16.80,259800,1.54
1989-10-04,16.80,16.90,16.59,16.80,234300,1.54
1989-10-03,16.80,16.80,16.59,16.80,190800,1.54
1989-10-02,16.64,16.64,16.54,16.64,204500,1.52
1989-09-29,16.59,16.69,16.54,16.59,220400,1.52
1989-09-28,16.59,16.59,16.28,16.59,304800,1.52
1989-09-27,16.38,16.43,16.22,16.38,129500,1.50
1989-09-26,16.22,16.38,16.12,16.22,225400,1.49
1989-09-25,16.22,16.43,16.12,16.22,165800,1.49
1989-09-22,16.48,16.59,16.43,16.48,113900,1.51
1989-09-21,16.54,16.64,16.38,16.54,275400,1.51
1989-09-20,16.48,16.69,16.33,16.48,237700,1.51
1989-09-19,16.64,16.80,16.64,16.64,277600,1.52
1989-09-18,16.69,16.85,16.43,16.69,564900,1.53
1989-09-15,16.48,16.54,16.02,16.48,656400,1.51
1989-09-14,16.33,16.33,16.07,16.33,349700,1.50
1989-09-13,16.17,16.54,16.12,16.17,245400,1.48
1989-09-12,16.38,16.59,16.33,16.38,161200,1.50
1989-09-11,16.43,16.43,16.17,16.43,200000,1.51
1989-09-08,16.28,16.38,16.07,16.28,479000,1.49
1989-09-07,16.33,16.38,15.91,16.33,461700,1.50
1989-09-06,15.86,16.02,15.81,15.86,307400,1.45
1989-09-05,16.02,16.12,15.96,16.02,193900,1.47
1989-09-01,16.12,16.12,15.81,16.12,245600,1.48
1989-08-31,15.81,15.96,15.76,15.81,319200,1.45
1989-08-30,15.76,15.81,15.60,15.76,298500,1.44
1989-08-29,15.65,15.91,15.55,15.65,141100,1.43
1989-08-28,15.81,16.02,15.81,15.81,293700,1.45
1989-08-25,16.02,16.12,15.81,16.02,234600,1.47
1989-08-24,15.91,15.91,15.60,15.91,371100,1.46
1989-08-23,15.55,15.55,15.24,15.55,291300,1.42
1989-08-22,15.34,15.50,15.13,15.34,230000,1.41
1989-08-21,15.39,15.70,15.39,15.39,233100,1.41
1989-08-18,15.65,15.76,15.55,15.65,141300,1.43
1989-08-17,15.65,15.91,15.44,15.65,418700,1.43
1989-08-16,15.91,16.02,15.70,15.91,642300,1.46
1989-08-15,15.76,15.76,15.44,15.76,132600,1.44
1989-08-14,15.44,15.50,15.18,15.44,258400,1.41
1989-08-11,15.44,15.91,15.39,15.44,409800,1.41
1989-08-10,15.81,15.86,15.29,15.81,392000,1.45
1989-08-09,15.50,16.12,15.44,15.50,286500,1.42
1989-08-08,16.07,16.28,16.02,16.07,317000,1.47
1989-08-07,16.22,16.28,15.76,16.22,573300,1.49
1989-08-04,15.76,15.86,15.55,15.76,757900,1.44
1989-08-03,15.70,15.81,15.44,15.70,507200,1.40
1989-08-02,15.44,15.55,15.34,15.44,372100,1.37
1989-08-01,15.50,15.81,15.39,15.50,332900,1.38
1989-07-31,15.50,15.50,15.24,15.50,430700,1.38
1989-07-28,15.29,15.34,15.13,15.29,207600,1.36
1989-07-27,15.18,15.29,15.08,15.18,605700,1.35
1989-07-26,15.24,15.44,14.98,15.24,907200,1.36
1989-07-25,15.50,15.86,15.34,15.50,535800,1.38
1989-07-24,15.60,15.65,15.44,15.60,329500,1.39
1989-07-21,15.60,15.70,15.50,15.60,268700,1.39
1989-07-20,15.60,15.86,15.50,15.60,307200,1.39
1989-07-19,15.81,15.86,15.60,15.81,345600,1.41
1989-07-18,15.55,15.60,15.44,15.55,170400,1.38
1989-07-17,15.55,15.55,15.34,15.55,210300,1.38
1989-07-14,15.50,15.65,15.18,15.50,439100,1.38
1989-07-13,15.70,15.70,15.39,15.70,493200,1.40
1989-07-12,15.60,15.65,15.39,15.60,1036700,1.39
1989-07-11,15.44,15.44,15.24,15.44,741800,1.37
1989-07-10,15.18,15.39,15.18,15.18,730200,1.35
1989-07-07,15.18,15.24,14.77,15.18,1925000,1.35
1989-07-06,14.82,15.13,14.66,14.82,878100,1.32
1989-07-05,15.03,15.60,14.77,15.03,914100,1.34
1989-07-03,15.60,15.81,15.44,15.60,351200,1.39
1989-06-30,15.81,16.22,15.70,15.81,506000,1.41
1989-06-29,16.22,16.74,16.22,16.22,247100,1.44
1989-06-28,16.85,16.95,16.64,16.85,225400,1.50
1989-06-27,16.95,17.11,16.80,16.95,420900,1.51
1989-06-26,16.90,17.32,16.64,16.90,987900,1.50
1989-06-23,17.21,17.21,17.06,17.21,287700,1.53
1989-06-22,16.90,17.00,16.80,16.90,276400,1.50
1989-06-21,16.95,17.06,16.90,16.95,415600,1.51
1989-06-20,16.85,17.21,16.80,16.85,212000,1.50
1989-06-19,16.90,17.06,16.64,16.90,392700,1.50
1989-06-16,16.85,17.26,16.80,16.85,1308400,1.50
1989-06-15,17.26,17.37,17.11,17.26,322800,1.54
1989-06-14,17.37,17.37,17.16,17.37,157900,1.55
1989-06-13,17.21,17.47,17.11,17.21,430200,1.53
1989-06-12,17.47,17.78,17.47,17.47,457400,1.55
1989-06-09,17.73,17.73,17.47,17.73,259100,1.58
1989-06-08,17.73,17.84,17.68,17.73,328100,1.58
1989-06-07,17.73,17.89,17.73,17.73,337200,1.58
1989-06-06,17.73,17.78,17.37,17.73,200700,1.58
1989-06-05,17.58,17.73,17.52,17.58,255200,1.56
1989-06-02,17.73,17.73,17.58,17.73,297100,1.58
1989-06-01,17.47,17.58,17.21,17.47,551600,1.55
1989-05-31,17.32,17.32,16.80,17.32,536300,1.54
1989-05-30,16.80,16.80,16.54,16.80,433400,1.49
1989-05-26,16.74,16.74,16.64,16.74,519700,1.49
1989-05-25,16.69,16.74,16.54,16.69,472300,1.49
1989-05-24,16.33,16.43,16.02,16.33,218900,1.45
1989-05-23,16.12,16.59,16.12,16.12,420900,1.43
1989-05-22,16.54,16.59,16.48,16.54,224700,1.47
1989-05-19,16.48,16.48,16.38,16.48,335500,1.47
1989-05-18,16.28,16.54,16.22,16.28,320400,1.45
1989-05-17,16.54,16.54,16.43,16.54,330000,1.47
1989-05-16,16.48,16.54,16.43,16.48,216500,1.47
1989-05-15,16.48,16.54,16.38,16.48,135300,1.47
1989-05-12,16.48,16.48,16.33,16.48,454000,1.47
1989-05-11,16.28,16.28,16.17,16.28,119900,1.45
1989-05-10,16.22,16.33,16.17,16.22,251600,1.44
1989-05-09,16.33,16.48,16.33,16.33,202400,1.45
1989-05-08,16.43,16.54,16.33,16.43,184800,1.46
1989-05-05,16.69,16.80,16.59,16.69,813900,1.49
1989-05-04,16.59,16.59,16.33,16.59,329000,1.48
1989-05-03,16.64,16.64,16.38,16.64,160000,1.44
1989-05-02,16.69,16.74,16.54,16.69,232900,1.45
1989-05-01,16.74,16.74,16.59,16.74,146100,1.45
1989-04-28,16.80,16.90,16.69,16.80,243500,1.45
1989-04-27,16.80,16.95,16.69,16.80,462200,1.45
1989-04-26,16.64,16.64,16.48,16.64,462700,1.44
1989-04-25,16.38,16.69,16.38,16.38,160500,1.42
1989-04-24,16.69,16.80,16.59,16.69,321600,1.45
1989-04-21,16.85,16.85,16.54,16.85,477400,1.46
1989-04-20,16.64,16.69,16.38,16.64,1266100,1.44
1989-04-19,16.48,16.54,16.33,16.48,1262200,1.43
1989-04-18,16.38,16.38,16.12,16.38,1562000,1.42
1989-04-17,16.12,16.22,16.12,16.12,209600,1.40
1989-04-14,16.28,16.33,16.17,16.28,642700,1.41
1989-04-13,16.22,16.69,16.02,16.22,600400,1.40
1989-04-12,16.64,16.90,16.28,16.64,832600,1.44
1989-04-11,16.28,16.43,15.86,16.28,357400,1.41
1989-04-10,15.91,16.07,15.86,15.91,203800,1.38
1989-04-07,15.96,15.96,15.60,15.96,636500,1.38
1989-04-06,15.70,15.81,15.55,15.70,376600,1.36
1989-04-05,15.76,16.02,14.72,15.76,2118000,1.36
1989-04-04,14.77,14.87,14.72,14.77,325900,1.28
1989-04-03,14.87,14.92,14.56,14.87,850200,1.29
1989-03-31,14.56,14.77,14.56,14.56,417000,1.26
1989-03-30,14.77,14.87,14.72,14.77,218500,1.28
1989-03-29,14.77,14.77,14.51,14.77,1500700,1.28
1989-03-28,14.51,14.56,14.40,14.51,418000,1.26
1989-03-27,14.46,14.51,14.30,14.46,103800,1.25
1989-03-23,14.40,14.66,14.40,14.40,145600,1.25
1989-03-22,14.66,14.72,14.46,14.66,230000,1.27
1989-03-21,14.61,14.82,14.51,14.61,183100,1.27
1989-03-20,14.72,14.87,14.51,14.72,118700,1.27
1989-03-17,14.72,15.13,14.56,14.72,497800,1.27
1989-03-16,15.44,15.55,15.34,15.44,334800,1.34
1989-03-15,15.34,15.39,15.24,15.34,455200,1.33
1989-03-14,15.34,15.39,15.24,15.34,167000,1.33
1989-03-13,15.29,15.39,15.03,15.29,443900,1.32
1989-03-10,15.03,15.24,14.92,15.03,478800,1.30
1989-03-09,15.24,15.55,15.24,15.24,109300,1.32
1989-03-08,15.44,15.65,15.44,15.44,482400,1.34
1989-03-07,15.65,15.81,15.60,15.65,690100,1.36
1989-03-06,15.81,15.91,14.98,15.81,462500,1.37
1989-03-03,15.08,15.24,14.77,15.08,564900,1.31
1989-03-02,14.77,14.77,14.51,14.77,865300,1.28
1989-03-01,14.51,14.66,14.40,14.51,376900,1.26
1989-02-28,14.40,14.46,14.25,14.40,452600,1.25
1989-02-27,14.30,14.51,14.20,14.30,128300,1.24
1989-02-24,14.40,14.77,14.35,14.40,235500,1.25
1989-02-23,14.82,14.92,14.77,14.82,133600,1.28
1989-02-22,14.92,15.24,14.92,14.92,300700,1.29
1989-02-21,15.18,15.29,15.13,15.18,262700,1.31
1989-02-17,14.87,14.87,14.56,14.87,187000,1.29
1989-02-16,14.61,14.66,14.46,14.61,161200,1.27
1989-02-15,14.46,14.46,14.04,14.46,109300,1.25
1989-02-14,14.09,14.20,14.04,14.09,93200,1.22
1989-02-13,14.04,14.20,13.94,14.04,144200,1.22
1989-02-10,13.99,14.40,13.99,13.99,116300,1.21
1989-02-09,14.30,14.61,14.30,14.30,268000,1.24
1989-02-08,14.46,14.56,14.40,14.46,413400,1.25
1989-02-07,14.40,14.51,14.25,14.40,356200,1.25
1989-02-06,14.35,14.51,14.35,14.35,118200,1.24
1989-02-03,14.66,14.77,14.51,14.66,146300,1.23
1989-02-02,14.56,14.66,14.56,14.56,87200,1.22
1989-02-01,14.61,14.77,14.61,14.61,257600,1.23
1989-01-31,14.72,14.72,14.56,14.72,432900,1.23
1989-01-30,14.56,14.72,14.35,14.56,438400,1.22
1989-01-27,14.40,14.51,14.35,14.40,117000,1.21
1989-01-26,14.46,14.51,14.30,14.46,418900,1.21
1989-01-25,14.51,14.51,14.30,14.51,405000,1.22
1989-01-24,14.35,14.35,13.99,14.35,550400,1.20
1989-01-23,14.04,14.30,13.88,14.04,772100,1.18
1989-01-20,13.78,13.78,13.47,13.78,321100,1.16
1989-01-19,13.62,13.62,13.42,13.62,707600,1.14
1989-01-18,13.47,13.47,13.26,13.47,212900,1.13
1989-01-17,13.31,13.42,13.26,13.31,944700,1.12
1989-01-16,13.31,13.31,13.10,13.31,228800,1.12
1989-01-13,13.26,13.31,13.21,13.26,456200,1.11
1989-01-12,13.26,13.36,13.26,13.26,1023500,1.11
1989-01-11,13.26,13.26,13.10,13.26,190300,1.11
1989-01-10,13.21,13.21,13.16,13.21,122100,1.11
1989-01-09,13.21,13.21,13.05,13.21,216100,1.11
1989-01-06,13.16,13.21,13.16,13.16,132600,1.10
1989-01-05,13.10,13.31,13.05,13.10,209300,1.10
1989-01-04,13.10,13.26,13.05,13.10,262000,1.10
1989-01-03,13.10,13.36,13.10,13.10,419200,1.10
1988-12-30,13.36,13.47,13.36,13.36,431900,1.12
1988-12-29,13.42,13.42,13.26,13.42,544200,1.13
1988-12-28,13.21,13.26,13.10,13.21,147800,1.11
1988-12-27,13.10,13.26,13.10,13.10,112900,1.10
1988-12-23,13.21,13.26,13.21,13.21,712500,1.11
1988-12-22,13.21,13.31,13.21,13.21,324700,1.11
1988-12-21,13.21,13.47,13.16,13.21,417700,1.11
1988-12-20,13.47,13.52,13.42,13.47,310800,1.13
1988-12-19,13.47,13.52,13.42,13.47,463400,1.13
1988-12-16,13.47,13.47,13.36,13.47,388200,1.13
1988-12-15,13.31,13.42,13.26,13.31,240800,1.12
1988-12-14,13.47,13.47,13.31,13.47,453300,1.13
1988-12-13,13.47,13.52,13.47,13.47,143900,1.13
1988-12-12,13.52,13.62,13.52,13.52,553100,1.13
1988-12-09,13.52,13.62,13.52,13.52,183400,1.13
1988-12-08,13.57,13.68,13.57,13.57,199700,1.14
1988-12-07,13.68,13.68,13.52,13.68,237500,1.15
1988-12-06,13.57,13.62,13.47,13.57,214600,1.14
1988-12-05,13.47,13.88,13.47,13.47,214900,1.13
1988-12-02,13.57,13.57,13.42,13.57,119900,1.14
1988-12-01,13.57,13.62,13.42,13.57,317700,1.14
1988-11-30,13.47,13.52,13.21,13.47,269400,1.13
1988-11-29,13.26,13.36,13.10,13.26,261300,1.11
1988-11-28,13.16,13.26,13.00,13.16,477600,1.10
1988-11-25,13.05,13.05,12.95,13.05,139900,1.10
1988-11-23,13.05,13.16,12.95,13.05,450200,1.10
1988-11-22,13.31,13.31,13.00,13.31,230500,1.12
1988-11-21,13.10,13.10,12.84,13.10,553300,1.10
1988-11-18,12.90,12.90,12.48,12.90,215800,1.08
1988-11-17,12.48,12.58,12.48,12.48,277400,1.05
1988-11-16,12.48,12.69,12.38,12.48,728100,1.05
1988-11-15,12.64,12.64,12.43,12.64,557400,1.06
1988-11-14,12.48,12.53,12.38,12.48,371800,1.05
1988-11-11,12.38,12.64,12.38,12.38,362700,1.04
1988-11-10,12.64,12.69,12.32,12.64,309800,1.06
1988-11-09,12.32,12.43,12.22,12.32,598500,1.03
1988-11-08,12.43,12.48,12.43,12.43,415300,1.04
1988-11-07,12.53,12.58,12.38,12.53,382400,1.01
1988-11-04,12.69,12.79,12.58,12.69,416800,1.03
1988-11-03,12.69,12.90,12.32,12.69,511500,1.03
1988-11-02,12.38,12.48,12.17,12.38,712200,1.00
1988-10-28,12.84,12.84,12.69,12.84,115600,1.04
1988-10-27,12.74,12.79,12.64,12.74,93900,1.03
1988-10-26,12.69,12.79,12.69,12.69,62900,1.03
1988-10-25,12.79,12.84,12.79,12.79,1600,1.03
1988-10-24,12.79,12.90,12.79,12.79,5000,1.03
1988-10-21,12.69,12.79,12.69,12.69,15100,1.03
1988-10-20,12.69,12.74,12.69,12.69,22100,1.03
1988-10-19,12.69,12.74,12.69,12.69,59600,1.03
1988-10-18,12.69,12.79,12.69,12.69,100900,1.03
1988-10-17,12.69,12.79,12.69,12.69,14600,1.03
1988-10-14,12.69,12.79,12.69,12.69,58800,1.03
1988-10-13,12.69,12.69,12.69,12.69,27600,1.03
1988-10-12,12.64,12.69,12.64,12.64,38700,1.02
1988-10-11,12.64,12.79,12.64,12.64,9600,1.02
1988-10-10,12.69,12.79,12.27,12.69,15600,1.03
1988-10-07,12.17,12.27,12.17,12.17,1600,0.98
1988-10-06,12.22,12.22,12.17,12.22,2400,0.99
1988-10-05,12.27,12.48,12.27,12.27,3600,0.99
